         0    0.0107
         0    0.0107
         0    0.0107
         0    0.0107
         0    0.0107
         0    0.0107
         0    0.0107
         0    0.0107
         0    0.0107
         0    0.0107
         0    0.0107
         0    0.0107
         0    0.0107
         0    0.0107
         0    0.0107
         0    0.0107
         0    0.0107
         0    0.0107
         0    0.0107
         0    0.0107
         0    0.0107
         0    0.0107
         0    0.0107
         0    0.0107
         0    0.0107
         0    0.0107
         0    0.0107
         0    0.0107
         0    0.0107
         0    0.0107
         0    0.0107
         0    0.0107
         0    0.0107
         0    0.0107
         0    0.0107
         0    0.0107
         0    0.0107
         0    0.0107
         0    0.0107
         0    0.0107
         0    0.0107
         0    0.0107
         0    0.0107
         0    0.0107
         0    0.0107
         0    0.0107
         0    0.0107
         0    0.0107
         0    0.0107
         0    0.0107
         0    0.0107
         0    0.0107
         0    0.0107
         0    0.0107
         0    0.0107
         0    0.0107
         0         0
         0         0
         0         0
         0         0
         0         0
         0         0
         0         0
         0         0
         0         0
         0         0
         0         0
         0         0
         0         0
         0         0
         0         0
         0         0
         0         0
         0         0
         0         0
         0         0
         0         0
         0         0
         0         0
         0         0
         0         0
         0         0
         0         0
         0         0
         0         0
         0         0
         0         0
         0         0
         0         0
         0         0
         0         0
         0         0
         0         0
         0         0
         0         0
         0         0
         0         0
         0         0
         0         0
         0         0
