         0    0.0071
         0    0.0071
         0    0.0071
         0    0.0071
         0    0.0071
         0    0.0071
         0    0.0071
         0    0.0071
         0    0.0071
         0    0.0071
         0    0.0071
         0    0.0071
         0    0.0071
         0    0.0071
         0    0.0071
         0    0.0071
         0    0.0071
         0    0.0071
         0    0.0071
         0    0.0071
         0    0.0071
         0    0.0071
         0    0.0071
         0    0.0071
         0    0.0071
         0    0.0071
         0    0.0071
         0    0.0071
         0    0.0071
         0    0.0071
         0    0.0071
         0    0.0071
         0    0.0071
         0    0.0071
         0    0.0071
         0    0.0071
         0    0.0071
         0    0.0071
         0    0.0071
         0    0.0071
         0    0.0071
         0    0.0071
         0    0.0071
         0    0.0071
         0    0.0071
         0    0.0071
         0    0.0071
         0    0.0071
         0    0.0071
         0    0.0071
         0    0.0071
         0    0.0071
         0    0.0071
         0    0.0071
         0    0.0071
         0    0.0071
         0    0.0071
         0    0.0071
         0    0.0071
         0    0.0071
         0    0.0071
         0    0.0071
         0    0.0071
         0    0.0071
         0    0.0071
         0    0.0071
         0    0.0071
         0    0.0071
         0    0.0071
         0    0.0071
         0    0.0071
         0    0.0071
         0    0.0071
         0    0.0071
         0    0.0071
         0    0.0071
         0    0.0071
         0    0.0071
         0    0.0071
         0    0.0071
         0    0.0071
         0    0.0071
         0    0.0071
         0    0.0071
         0         0
         0         0
         0         0
         0         0
         0         0
         0         0
         0         0
         0         0
         0         0
         0         0
         0         0
         0         0
         0         0
         0         0
         0         0
         0         0
