1095
1800	532000100	3316.00	6.61	0.000601402	0.000601402
1801	532000201	4200.00	2.27	0.000761727	0.001363129
1802	532000202	4418.00	1.13	0.000801264	0.002164393
1803	532000203	6536.00	7.05	0.001185392	0.003349785
1804	532000301	4653.00	2.51	0.000843885	0.00419367
1805	532000302	6547.00	2.54	0.001187387	0.005381058
1806	532000401	3065.00	0.96	0.000555879	0.005936937
1807	532000402	4075.00	1.56	0.000739057	0.006675994
1808	532000500	4113.00	1.12	0.000745948	0.007421942
1809	532000600	3585.00	1.47	0.000650188	0.00807213
1810	532000700	5384.00	1.58	0.000976462	0.009048592
1811	532000801	3573.00	1.79	0.000648012	0.009696604
1812	532000802	2632.00	1.25	0.000477349	0.010173953
1813	532000803	4588.00	1.90	0.000832096	0.011006049
1814	532000805	3339.00	2.06	0.000605573	0.011611622
1815	532000806	4418.00	1.88	0.000801264	0.012412887
1816	532000807	5313.00	3.40	0.000963585	0.013376471
1817	532000901	2603.00	1.02	0.000472089	0.013848561
1818	532000902	3482.00	0.96	0.000631508	0.014480069
1819	532000903	5448.00	1.70	0.000988069	0.015468138
1820	532000904	2745.00	1.03	0.000497843	0.015965981
1821	532000905	5650.00	1.72	0.001024704	0.016990685
1822	532001000	4325.00	1.31	0.000784398	0.017775082
1823	532001100	5301.00	1.96	0.000961408	0.018736491
1824	532001200	5896.00	2.13	0.00106932	0.01980581
1825	532001300	6207.00	5.22	0.001125724	0.020931534
1826	532001401	2456.00	1.13	0.000445429	0.021376963
1827	532001402	4911.00	0.58	0.000890677	0.02226764
1828	532001501	4317.00	6.08	0.000782947	0.023050586
1829	532001502	4267.00	2.22	0.000773878	0.023824465
1830	532001601	4664.00	3.30	0.00084588	0.024670344
1831	532001602	5563.00	74.23	0.001008926	0.02567927
1832	532010001	4902.00	16.00	0.000889044	0.026568314
1833	532010002	5729.00	2.83	0.001039032	0.027607346
1834	532010003	6539.00	5.92	0.001185936	0.028793283
1835	532010102	4355.00	2.52	0.000789838	0.029583121
1836	532010103	4341.00	1.69	0.000787299	0.030370421
1837	532010104	5055.00	1.70	0.000916793	0.031287214
1838	532010105	3391.00	3.43	0.000615004	0.031902217
1839	532010106	3903.00	2.38	0.000707862	0.03261008
1840	532010201	3081.00	1.03	0.000558781	0.033168861
1841	532010202	2174.00	0.66	0.000394284	0.033563145
1842	532010203	3117.00	1.44	0.00056531	0.034128455
1843	532010300	2705.00	1.16	0.000490588	0.034619044
1844	532010400	4426.00	1.70	0.000802715	0.035421759
1845	532010503	7384.00	5.84	0.001339189	0.036760948
1846	532010504	4280.00	1.68	0.000776236	0.037537184
1847	532010505	4223.00	1.09	0.000765898	0.038303082
1848	532010506	2223.00	0.63	0.000403171	0.038706254
1849	532010507	6267.00	1.96	0.001136606	0.039842859
1850	532010508	1969.00	1.46	0.000357105	0.040199964
1851	532010509	4337.00	1.04	0.000786574	0.040986538
1852	532010510	6103.00	1.42	0.001106862	0.0420934
1853	532010511	6409.00	54.91	0.001162359	0.043255759
1854	532010512	7254.00	3.77	0.001315611	0.044571371
1855	532010513	7017.00	30.27	0.001272628	0.045843999
1856	532020000	6099.00	267.65	0.001106137	0.046950136
1857	532020100	8608.00	37.30	0.001561178	0.048511313
1858	532020203	3272.00	62.90	0.000593422	0.049104735
1859	532020204	5423.00	2.21	0.000983535	0.05008827
1860	532020205	4381.00	1.70	0.000794554	0.050882824
1861	532020207	3582.00	15.74	0.000649644	0.051532468
1862	532020208	3209.00	3.02	0.000581996	0.052114464
1863	532020209	3158.00	1.99	0.000572746	0.05268721
1864	532020210	4566.00	35.83	0.000828106	0.053515316
1865	532020211	4767.00	2.96	0.00086456	0.054379876
1866	532020301	3449.00	1.82	0.000625523	0.055005399
1867	532020302	5013.00	2.61	0.000909176	0.055914575
1868	532020303	4296.00	1.50	0.000779138	0.056693713
1869	532020304	4476.00	3.51	0.000811783	0.057505496
1870	532020400	3622.00	5.08	0.000656899	0.058162395
1871	532020500	4787.00	3.68	0.000868187	0.059030583
1872	532020600	5112.00	161.60	0.000927131	0.059957713
1874	535000100	571.00	6.10	0.000103559	0.060061272
1875	0	0.00	0.00	0	0.060061272
1876	535000400	6861.00	0.34	0.001244336	0.061305607
1877	535000500	5089.00	0.38	0.000922959	0.062228567
1878	535000600	156.00	0.01	2.82927E-05	0.062256859
1879	535000701	3615.00	0.20	0.000655629	0.062912489
1880	535000702	5292.00	0.43	0.000959776	0.063872265
1881	535000800	3821.00	2.13	0.00069299	0.064565255
1882	535001001	4218.00	0.27	0.000764992	0.065330247
1883	535001002	6524.00	0.55	0.001183216	0.066513463
1884	535001100	4642.00	0.98	0.00084189	0.067355353
1885	535001200	8053.00	1.11	0.001460521	0.068815874
1886	535001300	6315.00	0.76	0.001145311	0.069961185
1887	535001400	548.00	0.47	9.93872E-05	0.070060572
1888	535001500	2742.00	0.28	0.000497299	0.070557871
1889	535001600	4484.00	0.67	0.000813234	0.071371105
1890	535001700	6378.00	1.33	0.001156737	0.072527842
1891	535001800	1623.00	0.35	0.000294353	0.072822195
1892	535001900	3284.00	0.25	0.000595598	0.073417793
1893	535002000	2060.00	0.75	0.000373609	0.073791402
1894	535002100	5038.00	0.88	0.00091371	0.074705112
1895	535002200	3793.00	0.55	0.000687912	0.075393024
1896	535002300	3107.00	0.68	0.000563497	0.075956521
1897	535002400	6418.00	0.71	0.001163991	0.077120512
1898	535002500	3108.00	0.53	0.000563678	0.07768419
1899	535002600	6505.00	0.78	0.00117977	0.07886396
1900	535002700	4606.00	0.49	0.000835361	0.079699321
1901	535002800	5636.00	0.67	0.001022165	0.080721486
1902	535002900	5907.00	0.68	0.001071315	0.081792801
1903	535003000	4550.00	0.38	0.000825204	0.082618005
1904	535003100	5837.00	0.26	0.001058619	0.083676624
1905	535003200	5469.00	0.42	0.000991877	0.084668502
1906	535003300	5528.00	0.32	0.001002578	0.08567108
1907	535003400	8240.00	0.52	0.001494436	0.087165516
1908	535003500	4619.00	0.66	0.000837718	0.088003234
1909	535003600	4505.00	0.38	0.000817043	0.088820277
1910	535003700	4502.00	0.46	0.000816499	0.089636776
1911	535003800	3740.00	0.36	0.0006783	0.090315076
1912	535003900	4355.00	0.32	0.000789838	0.091104914
1913	535004000	4775.00	0.37	0.000866011	0.091970925
1914	535004100	3394.00	0.32	0.000615548	0.092586473
1915	535004200	4523.00	0.49	0.000820307	0.093406781
1916	535004300	3912.00	0.55	0.000709494	0.094116275
1917	535004400	5013.00	0.49	0.000909176	0.095025451
1918	535004500	3715.00	0.29	0.000673766	0.095699216
1919	535004600	3388.00	0.42	0.00061446	0.096313676
1920	535004701	3320.00	0.39	0.000602127	0.096915803
1921	535004702	4190.00	0.29	0.000759913	0.097675717
1922	535004800	3495.00	0.34	0.000633866	0.098309583
1923	535004900	3517.00	0.46	0.000637856	0.098947438
1924	535005001	5880.00	1.29	0.001066418	0.100013856
1925	535005002	5253.00	2.47	0.000952703	0.100966559
1926	535005100	5334.00	0.68	0.000967393	0.101933952
1927	535005200	3650.00	0.50	0.000661977	0.10259593
1928	535005300	5651.00	0.68	0.001024886	0.103620815
1929	535005400	6160.00	0.70	0.0011172	0.104738015
1930	535005500	2747.00	0.27	0.000498206	0.105236221
1931	535005600	4768.00	0.51	0.000864742	0.106100962
1932	535005700	2356.00	0.27	0.000427293	0.106528255
1933	535005800	3906.00	0.39	0.000708406	0.107236661
1934	535005900	3794.00	0.37	0.000688093	0.107924754
1935	535006000	2112.00	0.27	0.00038304	0.108307794
1936	535006201	4787.00	0.11	0.000868187	0.109175982
1937	535006202	5371.00	0.59	0.000974104	0.110150086
1938	535006301	7299.00	0.32	0.001323773	0.111473858
1939	535006302	6098.00	0.23	0.001105955	0.112579814
1940	535006400	2448.00	0.19	0.000443978	0.113023792
1941	535006500	14666.00	0.23	0.002659878	0.11568367
1942	535006600	7120.00	0.33	0.001291309	0.116974979
1943	535006700	1654.00	0.65	0.000299975	0.117274954
1944	535006800	2346.00	0.42	0.000425479	0.117700433
1945	535006900	5834.00	0.86	0.001058075	0.118758508
1946	535007000	3336.00	0.44	0.000605029	0.119363537
1947	535007100	3258.00	0.46	0.000590883	0.11995442
1948	535007201	4693.00	0.41	0.000851139	0.120805559
1949	535007202	3072.00	0.54	0.000557149	0.121362708
1950	535007300	2797.00	0.35	0.000507274	0.121869982
1951	535007400	4023.00	0.40	0.000729626	0.122599608
1952	535007500	4177.00	0.50	0.000757556	0.123357163
1953	535007600	4034.00	0.46	0.000731621	0.124088784
1954	535007700	4408.00	0.61	0.000799451	0.124888235
1955	535007800	6006.00	0.77	0.00108927	0.125977504
1956	535007900	6308.00	1.01	0.001144041	0.127121546
1957	535008001	3372.00	0.47	0.000611558	0.127733104
1958	535008002	4410.00	0.40	0.000799813	0.128532917
1959	535008100	2813.00	0.36	0.000510176	0.129043093
1960	535008200	2634.00	0.31	0.000477712	0.129520805
1961	535008300	4129.00	0.45	0.00074885	0.130269655
1962	535008400	3720.00	0.42	0.000674673	0.130944328
1963	535008500	3968.00	0.50	0.000719651	0.131663978
1964	535008600	2673.00	1.12	0.000484785	0.132148763
1965	535008700	4999.00	1.60	0.000906637	0.1330554
1966	535008800	3134.00	0.23	0.000568393	0.133623793
1967	535008900	2911.00	0.33	0.000527949	0.134151743
1968	535009000	3710.00	0.39	0.000672859	0.134824601
1969	535009101	5523.00	0.51	0.001001671	0.135826273
1970	535009102	3335.00	0.33	0.000604848	0.13643112
1971	535009200	6744.00	0.63	0.001223116	0.137654236
1972	535009300	5259.00	0.62	0.000953791	0.138608027
1973	535009400	5124.00	0.64	0.000929307	0.139537334
1974	535009500	3304.00	0.32	0.000599225	0.14013656
1975	535009600	5193.00	0.55	0.000941821	0.141078381
1976	535009701	4528.00	0.38	0.000821214	0.141899595
1977	535009702	5810.00	0.50	0.001053722	0.142953317
1978	535009800	6666.00	0.72	0.00120897	0.144162287
1979	535009900	6141.00	0.58	0.001113754	0.145276041
1980	535010000	1777.00	0.29	0.000322283	0.145598324
1981	535010100	3136.00	0.43	0.000568756	0.14616708
1982	535010201	1521.00	0.22	0.000275854	0.146442934
1983	535010202	4324.00	0.12	0.000784216	0.14722715
1984	535010203	3121.00	0.13	0.000566036	0.147793186
1986	535010400	5175.00	0.74	0.000938557	0.148731743
1987	535010500	4556.00	0.55	0.000826292	0.149558035
1988	535010600	3699.00	1.38	0.000670864	0.150228899
1989	535010700	5554.00	0.73	0.001007293	0.151236192
1990	535010800	6544.00	0.74	0.001186843	0.152423036
1991	535010900	4112.00	0.62	0.000745767	0.153168803
1992	535011000	3731.00	0.55	0.000676668	0.15384547
1993	535011100	2702.00	0.46	0.000490044	0.154335515
1994	535011200	5253.00	0.50	0.000952703	0.155288218
1995	535011300	2719.00	0.38	0.000493128	0.155781345
1996	535011400	5343.00	0.62	0.000969026	0.156750371
1997	535011500	4669.00	0.37	0.000846787	0.157597157
1998	535011600	4182.00	0.68	0.000758463	0.15835562
1999	535011700	1754.00	0.39	0.000318112	0.158673732
2000	535011800	3597.00	0.67	0.000652365	0.159326096
2001	535011900	4464.00	0.87	0.000809607	0.160135703
2002	535012000	1390.00	0.26	0.000252095	0.160387799
2003	535012100	2054.00	0.30	0.000372521	0.16076032
2004	535012200	5587.00	0.53	0.001013278	0.161773598
2005	535012300	2204.00	0.07	0.000399725	0.162173323
2006	535012400	5320.00	0.56	0.000964854	0.163138178
2007	535012500	4474.00	1.13	0.000811421	0.163949598
2008	535012600	3907.00	1.45	0.000708588	0.164658186
2009	535012700	5064.00	0.74	0.000918425	0.165576611
2010	535012802	6199.00	0.52	0.001124273	0.166700884
2011	535012803	4703.00	0.27	0.000852953	0.167553837
2013	535012900	4906.00	0.93	0.00088977	0.168443607
2014	535013000	3720.00	1.28	0.000674673	0.169118279
2015	535013100	5333.00	1.05	0.000967212	0.170085491
2016	535013200	5463.00	0.93	0.000990789	0.17107628
2017	535013300	6831.00	0.67	0.001238895	0.172315175
2018	535013400	2709.00	0.42	0.000491314	0.172806489
2019	535013500	5591.00	0.72	0.001014004	0.173820493
2020	535013601	5038.00	0.19	0.00091371	0.174734203
2021	535013602	3934.00	0.21	0.000713484	0.175447687
2022	535013700	6239.00	0.91	0.001131527	0.176579214
2023	535013800	3111.00	0.96	0.000564222	0.177143436
2024	535013900	6494.00	1.28	0.001177775	0.178321212
2025	535014000	2513.00	0.58	0.000455767	0.178776978
2026	535014101	4001.00	0.55	0.000725636	0.179502614
2027	535014102	4360.00	0.68	0.000790745	0.180293359
2028	535014200	5388.00	1.04	0.000977187	0.181270546
2029	535015000	4010.00	1.07	0.000727268	0.181997814
2030	535015100	3770.00	0.64	0.000683741	0.182681555
2031	535015200	4382.00	0.85	0.000794735	0.18347629
2032	535015300	4681.00	0.97	0.000848963	0.184325253
2033	535015400	5884.00	2.10	0.001067143	0.185392396
2034	535015500	3375.00	0.78	0.000612102	0.186004499
2035	535015601	5652.00	0.59	0.001025067	0.187029566
2037	535015700	2583.00	0.46	0.000468462	0.187498028
2038	535015800	2721.00	0.64	0.00049349	0.187991518
2039	535015901	3705.00	0.49	0.000671952	0.18866347
2040	535015902	4805.00	0.57	0.000871452	0.189534922
2041	535016000	3335.00	0.73	0.000604848	0.19013977
2042	535016100	6946.00	0.82	0.001259751	0.191399521
2043	535016200	5268.00	0.57	0.000955423	0.192354944
2044	535016300	4374.00	0.46	0.000793284	0.193148229
2045	535016400	6321.00	0.63	0.001146399	0.194294628
2046	535016500	4263.00	0.48	0.000773153	0.195067781
2047	535016600	4059.00	0.78	0.000736155	0.195803936
2048	535016701	1789.00	0.14	0.000324459	0.196128395
2049	535016702	5603.00	0.60	0.00101618	0.197144575
2050	535016800	5480.00	0.56	0.000993872	0.198138448
2051	535016901	3559.00	0.38	0.000645473	0.198783921
2052	535016902	7199.00	0.44	0.001305636	0.200089557
2053	535017000	3440.00	1.02	0.000623891	0.200713448
2054	535017100	4013.00	0.61	0.000727812	0.20144126
2055	535017200	2513.00	1.21	0.000455767	0.201897027
2056	535017300	3487.00	0.60	0.000632415	0.202529442
2057	535017400	6765.00	1.05	0.001226925	0.203756366
2058	535017501	5409.00	0.79	0.000980996	0.204737362
2059	535017502	6791.00	0.71	0.00123164	0.205969002
2060	535017600	4276.00	1.01	0.000775511	0.206744513
2061	535018000	7054.00	0.61	0.001279339	0.208023851
2062	535018101	4421.00	0.58	0.000801808	0.20882566
2063	535018102	3630.00	0.59	0.00065835	0.20948401
2064	535018200	5205.00	0.76	0.000943997	0.210428007
2065	535018300	6454.00	0.95	0.001170521	0.211598528
2066	535018401	4841.00	0.47	0.000877981	0.212476509
2067	535018402	3818.00	0.56	0.000692446	0.213168955
2068	535018501	6958.00	0.49	0.001261928	0.214430883
2069	535018502	4638.00	1.19	0.000841164	0.215272047
2070	535018600	2112.00	1.87	0.00038304	0.215655087
2071	535018700	3217.00	1.19	0.000583447	0.216238534
2072	535018800	1984.00	0.55	0.000359825	0.216598359
2073	535018900	5237.00	1.24	0.000949801	0.21754816
2074	535019001	8157.00	0.40	0.001479383	0.219027543
2075	535019002	4472.00	0.58	0.000811058	0.219838601
2076	535019100	4174.00	0.83	0.000757012	0.220595613
2077	535019200	936.00	0.92	0.000169756	0.220765369
2078	535019300	2921.00	1.37	0.000529763	0.221295132
2079	535019401	4672.00	0.22	0.000847331	0.222142463
2080	535019402	5500.00	0.34	0.0009975	0.223139962
2081	535019403	2804.00	0.24	0.000508543	0.223648506
2082	535019404	4973.00	2.29	0.000901921	0.224550427
2083	535019500	6222.00	1.33	0.001128444	0.225678871
2084	535019600	7654.00	1.48	0.001388157	0.227067028
2085	535020000	6421.00	0.68	0.001164536	0.228231564
2086	535020100	4354.00	0.74	0.000789657	0.229021221
2087	535020200	1622.00	0.33	0.000294172	0.229315392
2088	535020300	3146.00	0.59	0.00057057	0.229885962
2089	535020400	4371.00	0.75	0.00079274	0.230678702
2090	535020500	197.00	0.68	3.57286E-05	0.230714431
2091	535020601	3841.00	1.13	0.000696618	0.231411049
2092	535020602	5784.00	1.09	0.001049007	0.232460056
2093	535020700	2325.00	0.67	0.00042167	0.232881726
2094	535020800	3759.00	1.29	0.000681746	0.233563472
2095	535020900	2816.00	0.69	0.00051072	0.234074191
2096	535021000	6614.00	3.79	0.001199539	0.23527373
2097	535021100	6263.00	3.26	0.00113588	0.23640961
2098	535021200	5393.00	1.68	0.000978094	0.237387704
2099	535021300	4641.00	7.95	0.000841708	0.238229413
2100	535021400	3101.00	2.83	0.000562408	0.238791821
2101	535021500	6207.00	2.62	0.001125724	0.239917545
2102	535021600	5179.00	1.99	0.000939282	0.240856827
2103	535021700	5894.00	1.20	0.001068957	0.241925784
2104	535021800	2540.00	0.68	0.000460664	0.242386447
2105	535021900	3989.00	1.36	0.000723459	0.243109907
2106	535022000	3965.00	1.30	0.000719107	0.243829013
2107	535022101	6275.00	1.62	0.001138057	0.24496707
2108	535022102	4240.00	0.78	0.000768982	0.245736051
2109	535022201	5279.00	1.31	0.000957418	0.24669347
2110	535022202	4971.00	1.22	0.000901558	0.247595028
2111	535022300	3595.00	1.74	0.000652002	0.24824703
2112	535022400	1677.00	1.05	0.000304147	0.248551177
2113	535022501	4861.00	0.93	0.000881608	0.249432785
2114	535022502	6375.00	0.30	0.001156193	0.250588978
2115	535022600	3122.00	0.96	0.000566217	0.251155195
2116	535022700	1760.00	0.49	0.0003192	0.251474395
2117	535022800	2662.00	0.81	0.00048279	0.251957185
2118	535022900	1236.00	0.32	0.000224165	0.252181351
2119	535023001	2002.00	1.44	0.00036309	0.25254444
2120	535023002	5832.00	0.98	0.001057712	0.253602153
2121	535023100	6619.00	3.03	0.001200446	0.254802598
2122	535023200	3979.00	2.04	0.000721646	0.255524244
2123	535023300	5309.00	2.09	0.000962859	0.256487103
2124	535023400	4395.00	2.13	0.000797093	0.257284196
2125	535023501	2579.00	1.38	0.000467737	0.257751933
2126	535023502	5429.00	1.06	0.000984623	0.258736556
2127	535023601	6435.00	0.98	0.001167075	0.259903631
2128	535023602	6130.00	3.96	0.001111759	0.261015389
2129	535023701	5962.00	1.18	0.00108129	0.262096679
2130	535023702	2782.00	0.96	0.000504553	0.262601233
2131	535023703	5522.00	1.07	0.00100149	0.263602722
2132	535023801	3285.00	1.04	0.000595779	0.264198502
2133	535023802	5146.00	0.99	0.000933297	0.265131799
2134	535023900	6323.00	2.53	0.001146762	0.266278561
2135	535024001	3356.00	1.27	0.000608656	0.266887217
2136	535024002	5857.00	1.04	0.001062247	0.267949463
2137	535024100	2989.00	1.09	0.000542096	0.268491559
2138	535024200	1685.00	0.60	0.000305598	0.268797157
2139	535024301	6699.00	0.31	0.001214955	0.270012111
2140	535024302	3232.00	1.21	0.000586167	0.270598279
2141	535024401	3520.00	1.44	0.0006384	0.271236678
2142	535024402	5917.00	1.42	0.001073128	0.272309807
2143	535024500	7089.00	1.42	0.001285686	0.273595493
2144	535024600	3636.00	1.07	0.000659438	0.274254931
2145	535024701	7319.00	17.40	0.0013274	0.275582331
2146	535024702	6696.00	3.24	0.001214411	0.276796742
2147	535024802	5795.00	1.21	0.001051002	0.277847744
2148	535024803	2824.00	3.75	0.000512171	0.278359915
2149	535024804	5094.00	1.47	0.000923866	0.279283781
2150	535024805	4637.00	1.13	0.000840983	0.280124764
2151	535024901	4947.00	0.83	0.000897206	0.281021969
2152	535024903	5682.00	2.96	0.001030508	0.282052477
2153	535024904	3367.00	0.69	0.000610651	0.282663128
2154	535024905	5571.00	0.65	0.001010377	0.283673505
2155	535025001	5111.00	1.38	0.000926949	0.284600454
2156	535025002	4817.00	1.92	0.000873628	0.285474083
2157	535025004	5585.00	0.47	0.001012916	0.286486998
2158	535025005	6862.00	0.67	0.001244517	0.287731515
2159	535026001	6819.00	0.75	0.001236718	0.288968233
2160	535026003	6896.00	1.26	0.001250683	0.290218917
2161	535026004	3873.00	0.18	0.000702421	0.290921338
2162	535026005	3699.00	0.24	0.000670864	0.291592202
2163	535026100	5629.00	1.89	0.001020896	0.292613097
2164	535026201	5412.00	0.68	0.00098154	0.293594637
2165	535026202	6006.00	2.15	0.00108927	0.294683907
2166	535026302	2821.00	2.01	0.000511627	0.295195534
2167	535026303	4480.00	1.55	0.000812509	0.296008042
2168	535026304	5129.00	0.69	0.000930214	0.296938256
2169	535026400	1540.00	3.46	0.0002793	0.297217556
2170	535026500	3542.00	2.68	0.00064239	0.297859946
2171	535026600	3123.00	2.76	0.000566398	0.298426344
2172	535026700	6641.00	2.72	0.001204436	0.29963078
2173	535026800	6368.00	3.02	0.001154923	0.300785703
2174	535026901	4714.00	0.71	0.000854948	0.301640651
2175	535026902	2574.00	1.72	0.00046683	0.302107481
2176	535027001	4636.00	1.13	0.000840802	0.302948283
2177	535027002	4011.00	0.77	0.000727449	0.303675732
2178	535027101	2469.00	0.89	0.000447787	0.304123519
2179	535027102	4660.00	0.71	0.000845154	0.304968673
2180	535027201	5813.00	0.46	0.001054267	0.30602294
2181	535027202	4944.00	1.00	0.000896662	0.306919601
2182	535027301	3956.00	3.17	0.000717474	0.307637076
2183	535027302	4301.00	1.28	0.000780045	0.30841712
2184	535027401	4925.00	1.52	0.000893216	0.309310336
2185	535027402	4382.00	1.32	0.000794735	0.310105071
2186	535027500	5504.00	1.96	0.000998225	0.311103296
2187	535027601	6133.00	1.22	0.001112303	0.312215599
2188	535027602	6227.00	1.28	0.001129351	0.31334495
2189	535027700	4097.00	1.02	0.000743047	0.314087997
2190	535027800	7365.00	1.36	0.001335743	0.31542374
2191	535027901	4091.00	1.19	0.000741958	0.316165698
2192	535027902	6970.00	1.58	0.001264104	0.317429802
2193	535028000	7298.00	2.14	0.001323591	0.318753394
2194	535028101	6115.00	0.96	0.001109038	0.319862432
2195	535028102	3905.00	0.41	0.000708225	0.320570657
2196	535028200	4402.00	2.20	0.000798363	0.321369019
2197	535028301	5501.00	0.93	0.000997681	0.3223667
2198	535028302	4541.00	1.16	0.000823572	0.323190273
2199	535028400	7136.00	1.40	0.001294211	0.324484483
2200	535028500	3135.00	1.10	0.000568575	0.325053058
2201	535028600	3769.00	3.20	0.000683559	0.325736617
2202	535028701	7279.00	1.09	0.001320146	0.327056763
2203	535028702	6471.00	1.05	0.001173604	0.328230367
2204	535028800	7694.00	2.63	0.001395411	0.329625778
2205	535028900	4164.00	1.33	0.000755198	0.330380976
2206	535029000	4415.00	1.33	0.00080072	0.331181696
2207	535029101	3603.00	0.94	0.000653453	0.331835149
2208	535029102	4692.00	1.15	0.000850958	0.332686107
2209	535029200	5252.00	3.77	0.000952522	0.333638629
2210	535029300	4327.00	2.00	0.00078476	0.334423389
2211	535029401	4324.00	0.86	0.000784216	0.335207605
2212	535029402	4603.00	1.02	0.000834817	0.336042422
2213	535029500	5252.00	1.09	0.000952522	0.336994943
2214	535029600	308.00	4.64	5.586E-05	0.337050803
2215	535029701	6417.00	1.14	0.00116381	0.338214613
2216	535029702	6038.00	1.51	0.001095073	0.339309687
2217	535029800	4384.00	2.29	0.000795098	0.340104785
2218	535029900	10052.00	3.06	0.001823067	0.341927851
2219	535030000	8360.00	1.06	0.0015162	0.343444051
2220	535030101	2790.00	0.91	0.000506004	0.343950055
2221	535030103	4904.00	0.27	0.000889407	0.344839462
2222	535030104	3594.00	1.44	0.000651821	0.345491283
2223	535030201	6454.00	1.24	0.001170521	0.346661804
2224	535030202	6364.00	1.10	0.001154198	0.347816002
2225	535030203	3797.00	0.70	0.000688638	0.348504639
2226	535030300	5562.00	1.05	0.001008744	0.349513383
2227	535030401	4768.00	0.25	0.000864742	0.350378125
2228	535030402	3740.00	1.21	0.0006783	0.351056425
2229	535030403	3096.00	0.97	0.000561502	0.351617926
2230	535030404	3605.00	0.24	0.000653816	0.352271742
2231	535030405	2901.00	0.69	0.000526136	0.352797878
2232	535030406	6068.00	0.75	0.001100514	0.353898392
2233	535030501	4610.00	2.41	0.000836086	0.354734478
2234	535030502	7670.00	1.73	0.001391059	0.356125537
2235	535030601	4558.00	1.17	0.000826655	0.356952192
2236	535030602	4208.00	1.12	0.000763178	0.35771537
2237	535030701	10427.00	0.28	0.001891078	0.359606448
2238	535030702	13501.00	1.42	0.00244859	0.362055038
2239	535030801	8333.00	1.46	0.001511303	0.363566341
2240	535030802	4184.00	1.45	0.000758825	0.364325166
2241	535030900	5687.00	0.75	0.001031415	0.365356581
2242	535031001	3457.00	1.41	0.000626974	0.365983555
2243	535031002	5071.00	2.14	0.000919695	0.366903249
2244	535031102	5965.00	0.89	0.001081834	0.367985083
2245	535031103	2665.00	0.80	0.000483334	0.368468417
2246	535031104	7051.00	0.96	0.001278795	0.369747212
2247	535031105	6415.00	0.34	0.001163447	0.370910659
2248	535031106	4044.00	10.22	0.000733434	0.371644094
2249	535031202	3714.00	0.52	0.000673584	0.372317678
2250	535031203	6176.00	1.50	0.001120102	0.373437779
2251	535031204	6086.00	0.73	0.001103779	0.374541558
2252	535031205	3691.00	0.35	0.000669413	0.375210971
2253	535031206	3375.00	0.46	0.000612102	0.375823073
2254	535031207	3241.00	0.62	0.000587799	0.376410873
2255	535031300	5539.00	2.84	0.001004573	0.377415446
2256	535031401	5091.00	0.42	0.000923322	0.378338768
2257	535031402	4148.00	1.09	0.000752296	0.379091064
2258	535031501	3421.00	1.48	0.000620445	0.379711509
2259	535031502	3731.00	0.43	0.000676668	0.380388176
2260	535031503	5614.00	5.98	0.001018175	0.381406351
2261	535031601	3901.00	1.82	0.000707499	0.382113851
2262	535031603	5625.00	0.39	0.00102017	0.383134021
2263	535031604	4554.00	0.46	0.00082593	0.383959951
2264	535031605	4106.00	0.40	0.000744679	0.384704629
2265	535031606	3534.00	0.41	0.000640939	0.385345568
2266	535031702	7001.00	0.44	0.001269726	0.386615295
2267	535031703	3691.00	1.21	0.000669413	0.387284708
2268	535031704	5694.00	0.72	0.001032684	0.388317392
2269	535031705	2330.00	0.50	0.000422577	0.388739969
2270	535031800	6466.00	1.90	0.001172697	0.389912666
2271	535031900	3961.00	1.20	0.000718381	0.390631047
2272	535032001	4597.00	0.74	0.000833728	0.391464776
2273	535032002	5465.00	0.85	0.000991152	0.392455928
2274	535032101	3859.00	1.25	0.000699882	0.39315581
2275	535032102	4037.00	1.22	0.000732165	0.393887975
2276	535032200	7661.00	1.61	0.001389426	0.395277401
2277	535032301	3867.00	1.04	0.000701333	0.395978734
2278	535032302	5593.00	1.85	0.001014367	0.396993101
2279	535032401	3838.00	1.18	0.000696073	0.397689174
2280	535032402	6784.00	1.89	0.001230371	0.398919545
2281	535032403	4159.00	2.17	0.000754291	0.399673836
2282	535032405	3673.00	0.65	0.000666148	0.400339984
2283	535032406	3711.00	0.64	0.00067304	0.401013024
2284	535033000	4387.00	2.19	0.000795642	0.401808666
2285	535033101	5639.00	1.52	0.001022709	0.402831376
2286	535033103	5267.00	0.51	0.000955242	0.403786618
2287	535033104	2794.00	1.06	0.00050673	0.404293348
2288	535033200	7529.00	1.52	0.001365486	0.405658834
2289	535033300	4764.00	2.41	0.000864016	0.40652285
2290	535033400	3547.00	2.35	0.000643297	0.407166147
2291	535033500	6220.00	2.25	0.001128082	0.408294228
2292	535033600	6491.00	1.63	0.001177231	0.409471459
2293	535033700	2895.00	0.82	0.000525048	0.409996507
2294	535033800	5801.00	1.65	0.00105209	0.411048597
2295	535033900	6465.00	1.83	0.001172516	0.412221113
2296	535034000	6459.00	1.28	0.001171427	0.41339254
2297	535034102	3913.00	0.78	0.000709676	0.414102216
2298	535034103	5076.00	0.41	0.000920602	0.415022817
2299	535034104	4379.00	0.67	0.000794191	0.415817008
2300	535034200	3624.00	1.23	0.000657262	0.41647427
2301	535034300	4132.00	1.10	0.000749394	0.417223664
2302	535034401	4975.00	1.06	0.000902284	0.418125948
2303	535034402	3591.00	0.22	0.000651277	0.418777225
2304	535034500	3742.00	0.79	0.000678663	0.419455887
2305	535034601	4726.00	1.51	0.000857124	0.420313012
2306	535034602	5042.00	0.40	0.000914435	0.421227447
2307	535034700	990.00	1.50	0.00017955	0.421406997
2308	535034800	4645.00	2.30	0.000842434	0.422249431
2309	535034900	5547.00	0.88	0.001006024	0.423255455
2310	535035000	5346.00	3.38	0.00096957	0.424225024
2311	535035101	5226.00	0.97	0.000947806	0.42517283
2312	535035102	2757.00	0.57	0.000500019	0.42567285
2313	535035200	5513.00	1.12	0.000999857	0.426672707
2314	535035302	4901.00	1.22	0.000888863	0.42756157
2315	535035303	3118.00	0.41	0.000565492	0.428127062
2316	535035304	4410.00	0.63	0.000799813	0.428926875
2317	535035400	5225.00	1.33	0.000947625	0.4298745
2318	535035502	5455.00	1.11	0.000989338	0.430863838
2319	535035503	4570.00	0.50	0.000828832	0.43169267
2320	535035504	4834.00	0.58	0.000876712	0.432569382
2321	535035600	4816.00	1.56	0.000873447	0.433442829
2322	535035701	7124.00	1.05	0.001292034	0.434734863
2324	535035801	3495.00	1.11	0.000633866	0.435368728
2325	535035802	4376.00	0.62	0.000793647	0.436162376
2326	535035803	5101.00	1.10	0.000925136	0.437087511
2327	535035900	7027.00	2.23	0.001274442	0.438361953
2328	535036000	5633.00	4.52	0.001021621	0.439383574
2329	535036101	5771.00	2.94	0.001046649	0.440430223
2330	535036102	6679.00	2.45	0.001211327	0.441641551
2331	535036201	6212.00	2.50	0.001126631	0.442768181
2332	535036202	5501.00	1.91	0.000997681	0.443765863
2333	535036203	7352.00	3.22	0.001333385	0.445099248
2334	535036204	4955.00	1.38	0.000898657	0.445997904
2335	535036302	3114.00	1.19	0.000564766	0.44656267
2336	535036304	3665.00	1.09	0.000664698	0.447227368
2337	535036305	4693.00	0.51	0.000851139	0.448078507
2338	535036306	6218.00	0.83	0.001127719	0.449206226
2339	535036307	5393.00	2.27	0.000978094	0.45018432
2340	535036401	5730.00	2.91	0.001039213	0.451223533
2341	535036402	2984.00	0.74	0.000541189	0.451764722
2342	535036500	6400.00	1.56	0.001160727	0.452925449
2343	535036600	6176.00	1.39	0.001120102	0.454045551
2344	535036701	4875.00	0.75	0.000884147	0.454929698
2345	535036702	3466.00	1.04	0.000628606	0.455558304
2346	535036800	8020.00	2.45	0.001454536	0.45701284
2347	535036900	7333.00	2.45	0.001329939	0.458342779
2348	535037001	10185.00	1.75	0.001847188	0.460189967
2349	535037002	4786.00	2.28	0.000868006	0.461057974
2350	535037003	3890.00	0.86	0.000705504	0.461763478
2351	535037100	6951.00	3.71	0.001260658	0.463024136
2352	535037200	4256.00	1.32	0.000771883	0.46379602
2353	535037300	4544.00	0.96	0.000824116	0.464620136
2354	535037401	4897.00	1.20	0.000888137	0.465508273
2355	535037402	3274.00	0.81	0.000593784	0.466102058
2356	535037403	4186.00	0.81	0.000759188	0.466861246
2357	535037501	6150.00	0.95	0.001115386	0.467976632
2358	535037502	1961.00	0.61	0.000355654	0.468332286
2359	535037503	5342.00	0.81	0.000968844	0.46930113
2360	535037504	5598.00	0.92	0.001015273	0.470316403
2361	535037505	7379.00	1.13	0.001338282	0.471654685
2362	535037601	5346.00	1.04	0.00096957	0.472624255
2363	535037602	5319.00	0.86	0.000964673	0.473588928
2364	535037604	5304.00	1.19	0.000961952	0.47455088
2365	535037605	6653.00	1.28	0.001206612	0.475757492
0	0	0.00	0.00	0	0.475757492
2366	535037607	7575.00	1.20	0.001373829	0.477131321
2367	535037608	6816.00	0.88	0.001236174	0.478367496
2368	535037609	4911.00	0.80	0.000890677	0.479258172
2369	535037611	3747.00	0.46	0.000679569	0.479937742
2370	535037612	5507.00	0.91	0.000998769	0.480936511
2371	535037613	4028.00	0.51	0.000730533	0.481667043
2372	535037614	3800.00	0.74	0.000689182	0.482356225
2373	535037701	6483.00	2.07	0.00117578	0.483532005
2374	535037702	4643.00	1.91	0.000842071	0.484374076
2375	535037703	2928.00	0.65	0.000531033	0.484905109
2376	535037704	6380.00	0.88	0.0011571	0.486062208
2377	535037706	3650.00	0.51	0.000661977	0.486724186
2378	535037707	4913.00	0.77	0.000891039	0.487615225
2379	535037802	3295.00	1.06	0.000597593	0.488212818
2380	535037803	6926.00	2.24	0.001256124	0.489468942
2381	535037804	6064.00	1.29	0.001099789	0.490568731
2382	535037805	4042.00	0.72	0.000733072	0.491301802
2383	535037806	6269.00	1.76	0.001136968	0.492438771
2384	535037807	7141.00	2.81	0.001295117	0.493733888
2385	535037808	6572.00	0.89	0.001191921	0.49492581
2386	535037810	22724.00	28.72	0.004121306	0.499047116
2387	535037811	5519.00	0.95	0.001000946	0.500048061
2388	535037812	5367.00	0.79	0.000973378	0.50102144
2389	535037814	4072.00	0.93	0.000738513	0.501759952
2390	535037816	6455.00	0.64	0.001170702	0.502930654
2391	535037817	3682.00	0.47	0.000667781	0.503598435
2393	535037819	5423.00	4.49	0.000983535	0.50458197
2394	535037820	2159.00	0.11	0.000391564	0.504973534
2395	535037821	3652.00	0.69	0.00066234	0.505635873
2396	535037822	3472.00	0.53	0.000629694	0.506265568
2397	535037823	4318.00	1.54	0.000783128	0.507048696
2398	535037824	5886.00	2.52	0.001067506	0.508116202
2399	535040001	13023.00	30.33	0.002361898	0.5104781
2400	535040002	6445.00	1.68	0.001168888	0.511646988
2401	535040003	3160.00	0.80	0.000573109	0.512220097
2402	535040004	1970.00	3.31	0.000357286	0.512577383
2403	535040006	3073.00	0.95	0.00055733	0.513134714
2404	535040007	3418.00	1.57	0.000619901	0.513754614
2405	535040008	2672.00	1.75	0.000484604	0.514239218
2406	535040010	7636.00	0.89	0.001384892	0.51562411
2407	535040011	6366.00	1.68	0.001154561	0.516778671
2408	535040012	7402.00	1.72	0.001342453	0.518121124
2409	535040013	5592.00	1.28	0.001014185	0.519135309
2410	535040014	6432.00	1.05	0.001166531	0.52030184
2411	535040015	4689.00	2.28	0.000850414	0.521152254
2412	535040016	5427.00	2.10	0.00098426	0.522136514
2413	535040103	7858.00	7.90	0.001425155	0.523561669
2414	535040104	3562.00	0.73	0.000646017	0.524207686
0	0	0.00	0.00	0	0.524207686
2415	535040106	5240.00	1.75	0.000950345	0.525158031
2416	535040107	4295.00	1.76	0.000778957	0.525936988
2417	535040108	3539.00	1.44	0.000641846	0.526578833
2418	535040109	7368.00	2.20	0.001336287	0.52791512
2419	535040110	5265.00	4.08	0.000954879	0.52887
2420	535040111	7278.00	1.12	0.001319964	0.530189964
2421	535040112	7912.00	1.10	0.001434949	0.531624913
2422	535040113	6458.00	0.99	0.001171246	0.532796159
2423	535040114	8363.00	2.36	0.001516744	0.534312902
2424	535040115	2870.00	1.12	0.000520513	0.534833416
2425	535040116	8755.00	3.89	0.001587838	0.536421254
2426	535040117	3641.00	1.11	0.000660345	0.537081599
2427	535040201	2629.00	1.99	0.000476805	0.537558404
2428	535040202	3157.00	1.70	0.000572565	0.538130968
2429	535040203	3167.00	1.54	0.000574378	0.538705347
2430	535040204	5304.00	2.85	0.000961952	0.539667299
2431	535040205	2192.00	1.42	0.000397549	0.540064848
2432	535040206	6017.00	1.80	0.001091265	0.541156113
2433	535040207	2140.00	1.27	0.000388118	0.541544231
2434	535040208	6753.00	1.81	0.001224748	0.542768979
2435	535040209	3604.00	1.50	0.000653634	0.543422614
2436	535040210	3215.00	1.03	0.000583084	0.544005698
2437	535040211	9155.00	7.37	0.001660384	0.545666081
2438	535040301	8054.00	4.14	0.001460702	0.547126784
2439	535040303	5414.00	74.09	0.000981902	0.548108686
2440	535040304	4248.00	2.13	0.000770433	0.548879119
2441	535040305	2596.00	4.14	0.00047082	0.549349938
2442	535040306	9079.00	2.01	0.0016466	0.550996538
2443	535040307	6181.00	2.36	0.001121008	0.552117547
2444	535040308	18959.00	8.30	0.003438472	0.555556019
2445	535041002	4545.00	0.78	0.000824297	0.556380317
2446	535041003	7279.00	1.89	0.001320146	0.557700462
2447	535041004	4027.00	0.78	0.000730351	0.558430813
2448	535041005	6598.00	4.40	0.001196637	0.55962745
2449	535041007	3995.00	0.88	0.000724548	0.560351998
2450	535041009	4244.00	1.23	0.000769707	0.561121705
2451	535041010	4136.00	0.51	0.00075012	0.561871825
2452	535041011	4196.00	0.79	0.000761002	0.562632826
2453	535041012	3323.00	0.89	0.000602671	0.563235497
2454	535041013	7415.00	3.48	0.001344811	0.564580308
2455	535041014	6603.00	1.15	0.001197544	0.565777852
2456	535041015	2061.00	0.77	0.00037379	0.566151642
2457	535041101	5308.00	1.87	0.000962678	0.56711432
2458	535041104	5970.00	1.50	0.001082741	0.568197061
2459	535041106	10703.00	4.61	0.001941134	0.570138195
2460	535041107	4570.00	1.75	0.000828832	0.570967027
2461	535041108	2072.00	29.67	0.000375785	0.571342812
2462	535041109	6434.00	1.43	0.001166893	0.572509706
2463	535041110	16849.00	51.60	0.003055795	0.575565501
2464	535041111	10067.00	2.12	0.001825787	0.577391288
2465	535041112	5490.00	1.29	0.000995686	0.578386974
2466	535041113	12588.00	3.56	0.002283005	0.580669979
2467	535041201	6061.00	4.34	0.001099245	0.581769224
2468	535041202	7168.00	6.10	0.001300014	0.583069238
2469	535041204	4931.00	6.93	0.000894304	0.583963542
2470	535041206	3854.00	1.05	0.000698975	0.584662517
2471	535041208	2906.00	0.93	0.000527043	0.585189559
2472	535041210	6327.00	1.96	0.001147487	0.586337047
2473	535041211	3954.00	26.99	0.000717112	0.587054158
2474	535041212	4228.00	1.04	0.000766805	0.587820964
2475	535041213	4508.00	2.57	0.000817587	0.588638551
2476	535041214	3664.00	2.19	0.000664516	0.589303067
2477	535041215	5345.00	4.48	0.000969388	0.590272455
2478	535041216	15120.00	4.12	0.002742217	0.593014673
2479	535041217	18743.00	10.28	0.003399298	0.59641397
2480	535041218	8300.00	6.74	0.001505318	0.597919288
2481	535041300	5284.00	76.90	0.000958325	0.598877613
2482	535042003	6163.00	2.30	0.001117744	0.599995357
2485	535042008	3901.00	0.87	0.000707499	0.600702856
2486	535042009	4251.00	0.60	0.000770977	0.601473833
2489	535042012	7663.00	1.85	0.001389789	0.602863622
2490	535042013	4532.00	1.94	0.00082194	0.603685562
2491	535042101	6562.00	4.42	0.001190108	0.60487567
2492	535042104	3731.00	0.70	0.000676668	0.605552337
2493	535042105	3717.00	1.03	0.000674128	0.606226466
2496	535042202	5113.00	1.87	0.000927312	0.607153778
2497	535042203	5471.00	3.57	0.00099224	0.608146018
2498	535042204	4085.00	0.95	0.00074087	0.608886888
2499	535042205	7066.00	1.47	0.001281515	0.610168403
2500	535042206	5121.00	1.84	0.000928763	0.611097166
2501	535042301	3868.00	1.74	0.000701514	0.611798681
2502	535042302	7413.00	2.65	0.001344448	0.613143129
2503	535042402	13521.00	41.27	0.002452217	0.615595346
2504	535042404	2610.00	1.36	0.000473359	0.616068705
2505	535042405	8620.00	2.27	0.001563354	0.617632059
2506	535042407	5383.00	2.01	0.00097628	0.618608339
2507	535042408	7407.00	2.38	0.00134336	0.619951699
2508	535042409	2605.00	2.13	0.000472452	0.620424151
2509	535042410	6084.00	2.76	0.001103416	0.621527567
2511	535043001	8200.00	7.16	0.001487181	0.623014749
2512	535043002	4341.00	16.22	0.000787299	0.623802048
2513	535043101	5514.00	48.79	0.001000039	0.624802087
2514	535043102	6335.00	134.57	0.001148938	0.625951025
2515	535044000	6455.00	22.35	0.001170702	0.627121727
2516	535044102	4654.00	1.55	0.000844066	0.627965793
2517	535044103	7737.00	3.03	0.00140321	0.629369003
2518	535044104	5629.00	4.56	0.001020896	0.630389899
2519	535044201	13003.00	12.46	0.002358271	0.63274817
2520	535044202	4140.00	1.60	0.000750845	0.633499015
2521	535044203	6011.00	4.06	0.001090177	0.634589192
2522	535045002	3208.00	1.45	0.000581814	0.635171006
2523	535045003	8394.00	4.89	0.001522366	0.636693372
2524	535045005	5494.00	2.98	0.000996412	0.637689783
2525	535045006	3785.00	3.23	0.000686461	0.638376245
2526	535045101	2394.00	1.03	0.000434184	0.638810429
2527	535045102	5056.00	1.99	0.000916974	0.639727403
2528	535045103	7355.00	2.53	0.001333929	0.641061332
2529	535045105	4942.00	2.43	0.000896299	0.641957631
2530	535045106	6196.00	2.04	0.001123729	0.64308136
2531	535045107	3784.00	3.46	0.00068628	0.64376764
2532	535045201	3273.00	1.42	0.000593603	0.644361243
2533	535045202	5088.00	1.46	0.000922778	0.645284021
2534	535045203	5836.00	3.71	0.001058438	0.646342459
2535	535045204	9490.00	5.48	0.00172114	0.648063599
2536	535045500	6519.00	127.14	0.001182309	0.649245908
2537	535045601	4903.00	61.86	0.000889226	0.650135134
2538	535045602	5336.00	18.25	0.000967756	0.65110289
2539	535045603	4311.00	37.80	0.000781858	0.651884749
2540	535046001	4902.00	25.97	0.000889044	0.652773793
2541	535046002	3835.00	113.69	0.000695529	0.653469322
2542	535046101	3513.00	16.51	0.00063713	0.654106452
2543	535046102	7237.00	176.87	0.001312528	0.655418981
2544	535047000	2413.00	33.81	0.00043763	0.655856611
2545	535047100	3719.00	171.21	0.000674491	0.656531102
2546	535047200	5973.00	10.18	0.001083285	0.657614387
2547	535047301	5981.00	3.78	0.001084736	0.658699123
2548	535047302	7179.00	3.18	0.001302009	0.660001132
2549	535047303	3809.00	2.08	0.000690814	0.660691946
2550	535047400	5023.00	31.93	0.000910989	0.661602935
2551	535047500	6053.00	13.17	0.001097794	0.662700729
2552	535047600	2549.00	32.92	0.000462296	0.663163024
2563	535050001	3311.00	0.80	0.000600495	0.663763519
2564	535050002	4798.00	3.15	0.000870182	0.664633702
2565	535050101	5450.00	8.83	0.000988432	0.665622133
2566	535050102	7097.00	4.01	0.001287137	0.666909271
2567	535050201	5729.00	1.16	0.001039032	0.667948303
2568	535050202	2587.00	0.69	0.000469188	0.66841749
2569	535050300	5103.00	1.70	0.000925498	0.669342989
2570	535050400	3432.00	1.38	0.00062244	0.669965428
2571	535050501	4777.00	2.78	0.000866374	0.670831802
2572	535050502	5606.00	3.84	0.001016724	0.671848527
2573	535050600	2602.00	1.87	0.000471908	0.672320435
2574	535050700	3580.00	2.06	0.000649282	0.672969716
2575	535050800	3261.00	1.30	0.000591427	0.673561143
2576	535050901	4946.00	1.96	0.000897024	0.674458167
2577	535050902	3112.00	2.91	0.000564403	0.675022571
2578	535051000	5627.00	6.31	0.001020533	0.676043104
2579	535051101	4969.00	0.47	0.000901196	0.676944299
2580	535051102	4640.00	1.43	0.000841527	0.677785826
2581	535051200	6711.00	1.98	0.001217131	0.679002957
2582	535051301	6725.00	3.51	0.00121967	0.680222627
2583	535051302	6299.00	1.09	0.001142409	0.681365037
2584	535051303	3569.00	1.07	0.000647287	0.682012323
2585	535051304	3955.00	1.36	0.000717293	0.682729616
2586	535051401	2434.00	3.32	0.000441439	0.683171055
2587	535051402	5992.00	1.93	0.001086731	0.684257786
2588	535051501	4464.00	2.74	0.000809607	0.685067393
2589	535051502	4148.00	1.41	0.000752296	0.685819689
2590	535051601	5853.00	1.45	0.001061521	0.68688121
2591	535051602	5002.00	1.73	0.000907181	0.687788391
2592	535051603	5754.00	1.12	0.001043566	0.688831957
2593	535051604	6054.00	1.03	0.001097975	0.689929932
2594	535051605	6279.00	1.16	0.001138782	0.691068714
2595	535051606	4861.00	0.91	0.000881608	0.691950322
2596	535051608	6181.00	1.33	0.001121008	0.693071331
2597	535051609	7216.00	2.37	0.00130872	0.69438005
2598	535051611	5019.00	2.17	0.000910264	0.695290314
2599	535051614	10332.00	2.65	0.001873849	0.697164163
2600	535051616	5172.00	2.97	0.000938012	0.698102175
2601	535051617	3696.00	1.07	0.00067032	0.698772495
2602	535051618	3785.00	1.15	0.000686461	0.699458956
2603	535051620	6441.00	1.31	0.001168163	0.700627119
2604	535051621	3079.00	1.07	0.000558418	0.701185537
2605	535051622	7059.00	1.23	0.001280246	0.702465783
2606	535051623	5703.00	1.11	0.001034317	0.7035001
2607	535051624	4406.00	2.56	0.000799088	0.704299188
2608	535051625	4144.00	2.83	0.000751571	0.705050758
2609	535051626	7254.00	1.51	0.001315611	0.70636637
2610	535051628	4763.00	0.93	0.000863835	0.707230204
2611	535051629	4808.00	0.74	0.000871996	0.708102201
2612	535051630	5559.00	2.41	0.0010082	0.709110401
2613	535051631	2928.00	1.44	0.000531033	0.709641433
2614	535051632	4930.00	0.79	0.000894122	0.710535556
2615	535051633	10351.00	3.82	0.001877294	0.71241285
2616	535051634	11852.00	1.89	0.002149521	0.714562371
2617	535051635	8852.00	2.53	0.00160543	0.716167802
2618	535051636	10358.00	4.23	0.001878564	0.718046366
2619	535051700	1701.00	1.23	0.000308499	0.718354865
2620	535051800	4362.00	0.74	0.000791108	0.719145973
2621	535051900	3835.00	1.12	0.000695529	0.719841503
2622	535052001	5680.00	2.63	0.001030145	0.720871648
2623	535052002	6865.00	1.65	0.001245061	0.722116709
2624	535052005	3797.00	0.56	0.000688638	0.722805346
2625	535052006	10476.00	0.74	0.001899965	0.724705311
2626	535052007	4637.00	0.33	0.000840983	0.725546294
2627	535052008	5684.00	1.11	0.001030871	0.726577165
2628	535052101	5546.00	0.20	0.001005842	0.727583007
2629	535052102	3600.00	0.86	0.000652909	0.728235916
2630	535052103	5288.00	0.64	0.000959051	0.729194967
2631	535052104	6585.00	1.29	0.001194279	0.730389246
2632	535052105	4119.00	0.75	0.000747037	0.731136283
2633	535052106	4992.00	0.61	0.000905367	0.73204165
2634	535052200	5930.00	1.75	0.001075486	0.733117136
2635	535052300	6022.00	1.16	0.001092172	0.734209307
2636	535052401	4677.00	0.81	0.000848237	0.735057545
2637	535052402	3605.00	0.63	0.000653816	0.735711361
2638	535052501	3598.00	0.52	0.000652546	0.736363907
2639	535052502	4340.00	1.81	0.000787118	0.737151025
2640	535052601	6212.00	0.76	0.001126631	0.738277655
2641	535052602	3132.00	0.80	0.000568031	0.738845686
2642	535052701	4458.00	2.46	0.000808519	0.739654205
2643	535052702	5618.00	1.16	0.001018901	0.740673106
2644	535052703	5157.00	1.30	0.000935292	0.741608398
2645	535052704	5902.00	1.67	0.001070408	0.742678805
2646	535052705	6055.00	1.65	0.001098157	0.743776962
2647	535052706	4327.00	1.07	0.00078476	0.744561722
2648	535052707	5087.00	1.32	0.000922597	0.745484319
2649	535052708	4660.00	1.21	0.000845154	0.746329473
2650	535052709	3628.00	1.90	0.000657987	0.74698746
2651	535052801	5371.00	1.35	0.000974104	0.747961564
2652	535052802	7202.00	1.54	0.001306181	0.749267745
2653	535052804	7883.00	1.65	0.001429689	0.750697434
2654	535052810	6951.00	1.53	0.001260658	0.751958092
2655	535052811	4822.00	0.21	0.000874535	0.752832627
2656	535052812	6085.00	1.44	0.001103597	0.753936225
2657	535052813	3494.00	1.41	0.000633684	0.754569909
2658	535052814	11732.00	2.47	0.002127758	0.756697667
2659	535052815	4467.00	0.84	0.000810151	0.757507818
2660	535052816	4952.00	0.90	0.000898112	0.75840593
2661	535052818	6522.00	1.54	0.001182853	0.759588783
2662	535052819	5527.00	0.78	0.001002397	0.76059118
2663	535052820	6071.00	3.30	0.001101058	0.761692238
2664	535052821	4279.00	1.41	0.000776055	0.762468293
2665	535052822	6743.00	1.43	0.001222935	0.763691228
2666	535052824	5417.00	4.61	0.000982447	0.764673674
2667	535052825	6747.00	1.23	0.00122366	0.765897334
2668	535052826	4543.00	0.62	0.000823935	0.766721269
2669	535052831	6405.00	0.82	0.001161634	0.767882903
2670	535052832	4295.00	1.93	0.000778957	0.76866186
2671	535052833	6194.00	2.51	0.001123366	0.769785226
2672	535052834	5953.00	3.34	0.001079657	0.770864883
2673	535052835	2903.00	15.03	0.000526498	0.771391382
2674	535052836	7474.00	1.36	0.001355511	0.772746893
2675	535052837	5235.00	8.53	0.000949438	0.773696331
2676	535052838	8583.00	3.57	0.001556644	0.775252975
2677	535052839	6698.00	6.12	0.001214773	0.776467748
2678	535052840	5503.00	3.62	0.000998044	0.777465792
2679	535052841	6609.00	55.69	0.001198632	0.778664424
2680	535052842	5067.00	1.14	0.000918969	0.779583393
2681	535052843	4049.00	0.73	0.000734341	0.780317734
2682	535052901	3797.00	0.99	0.000688638	0.781006372
2683	535052902	4798.00	0.79	0.000870182	0.781876555
2685	535053002	3243.00	0.39	0.000588162	0.782464717
2686	535053101	3895.00	0.67	0.000706411	0.783171128
2687	535053102	6793.00	1.33	0.001232003	0.784403131
2688	535053201	4421.00	0.83	0.000801808	0.785204939
2689	535053202	4738.00	0.69	0.000859301	0.78606424
2690	535054001	5060.00	1.55	0.0009177	0.786981939
2691	535054002	5026.00	1.09	0.000911533	0.787893473
2692	535055001	4533.00	7.52	0.000822121	0.788715594
2693	535055002	7356.00	3.02	0.001334111	0.790049705
2694	535056000	6293.00	4.14	0.001141321	0.791191026
2695	535056100	5099.00	4.65	0.000924773	0.792115798
2696	535056201	7500.00	6.88	0.001360227	0.793476025
2697	535056202	6856.00	2.09	0.001243429	0.794719454
2698	535056203	5161.00	1.06	0.000936017	0.795655472
2699	535056204	4730.00	1.03	0.00085785	0.796513321
2700	535056205	5378.00	1.29	0.000975373	0.797488695
2701	535056206	3195.00	0.82	0.000579457	0.798068151
2702	535056207	4660.00	1.10	0.000845154	0.798913306
2703	535056208	4359.00	1.05	0.000790564	0.79970387
2704	535056209	4004.00	1.00	0.00072618	0.800430049
2705	535056210	7840.00	1.98	0.001421891	0.80185194
2706	535056211	3187.00	0.78	0.000578006	0.802429946
2707	535056301	6844.00	0.88	0.001241252	0.803671198
2708	535056302	3045.00	1.02	0.000552252	0.80422345
2709	535056401	2439.00	0.84	0.000442346	0.804665796
2710	535056402	4934.00	0.91	0.000894848	0.805560644
2711	535057001	3136.00	8.06	0.000568756	0.8061294
2712	535057002	3580.00	1.30	0.000649282	0.806778682
2713	535057101	3222.00	0.73	0.000584353	0.807363035
2714	535057102	4010.00	1.36	0.000727268	0.808090303
2715	535057201	7043.00	2.11	0.001277344	0.809367647
2716	535057204	3391.00	0.80	0.000615004	0.809982651
2717	535057205	5981.00	0.82	0.001084736	0.811067386
2718	535057206	7552.00	2.18	0.001369658	0.812437044
2719	535057207	4831.00	1.19	0.000876167	0.813313212
2720	535057208	5511.00	0.86	0.000999495	0.814312706
2721	535057303	6549.00	1.40	0.00118775	0.815500456
2722	535057305	5756.00	1.39	0.001043929	0.816544385
2723	535057306	4664.00	0.83	0.00084588	0.817390265
2724	535057307	5794.00	1.53	0.001050821	0.818441086
2725	535057308	7687.00	1.50	0.001394142	0.819835228
2726	535057309	5374.00	1.38	0.000974648	0.820809875
2727	535057400	4971.00	1.98	0.000901558	0.821711434
2728	535057501	6200.00	1.22	0.001124454	0.822835888
2729	535057502	4464.00	1.00	0.000809607	0.823645495
2730	535057503	6837.00	1.07	0.001239983	0.824885478
2731	535057504	6423.00	1.55	0.001164898	0.826050376
2732	535057505	7039.00	1.56	0.001276618	0.827326995
2733	535057506	8125.00	1.68	0.001473579	0.828800574
2734	535057604	4762.00	3.23	0.000863653	0.829664227
2735	535057605	7277.00	1.54	0.001319783	0.83098401
2736	535057606	6970.00	2.21	0.001264104	0.832248114
2737	535057607	4694.00	3.56	0.000851321	0.833099435
2738	535057609	4025.00	1.87	0.000729988	0.833829423
2739	535057610	5981.00	5.89	0.001084736	0.834914159
2740	535057614	8014.00	3.46	0.001453448	0.836367607
2741	535057615	8473.00	2.55	0.001536694	0.8379043
2742	535057616	6266.00	0.96	0.001136424	0.839040724
2743	535057617	6397.00	1.17	0.001160183	0.840200907
2744	535057618	6857.00	3.76	0.00124361	0.841444517
2745	535057619	9296.00	7.82	0.001685956	0.843130473
2746	535057620	6541.00	0.92	0.001186299	0.844316773
2747	535057621	8065.00	1.36	0.001462697	0.84577947
2748	535057622	7491.00	1.75	0.001358595	0.847138064
2749	535057623	10568.00	4.25	0.00191665	0.849054715
2750	535057624	6131.00	27.03	0.00111194	0.850166655
2751	535057625	20540.00	43.94	0.003725208	0.853891863
2752	535057626	16360.00	3.14	0.002967108	0.856858971
2753	535057627	14603.00	3.31	0.002648452	0.859507424
2754	535057628	8489.00	2.44	0.001539595	0.861047019
2755	535057629	3887.00	0.72	0.00070496	0.861751979
2756	535057630	2248.00	53.94	0.000407705	0.862159685
2757	535058502	6076.00	76.85	0.001101965	0.86326165
2758	535058503	5396.00	8.19	0.000978638	0.864240288
2759	535058505	7228.00	4.05	0.001310896	0.865551184
2760	535058507	5171.00	98.74	0.000937831	0.866489015
2761	535058508	3480.00	42.77	0.000631145	0.86712016
2762	535058509	5977.00	2.51	0.00108401	0.86820417
2763	535058510	4118.00	1.94	0.000746855	0.868951026
2764	535058601	5461.00	84.18	0.000990427	0.869941452
2765	535058602	2781.00	85.42	0.000504372	0.870445824
2766	535058701	5879.00	130.95	0.001066237	0.871512061
2767	535058702	5483.00	151.57	0.000994417	0.872506477
2773	535060001	6484.00	4.94	0.001175961	0.873682439
2774	535060002	7280.00	5.31	0.001320327	0.875002766
2775	535060100	4004.00	3.23	0.00072618	0.875728946
2776	535060200	4954.00	3.94	0.000898475	0.876627421
2777	535060300	4555.00	1.15	0.000826111	0.877453532
2778	535060400	2462.00	0.86	0.000446517	0.877900049
2779	535060500	2147.00	1.53	0.000389388	0.878289437
2780	535060600	5202.00	3.36	0.000943453	0.87923289
2781	535060700	2968.00	3.21	0.000538287	0.879771177
2782	535060800	2540.00	1.40	0.000460664	0.880231841
2783	535060900	2739.00	2.14	0.000496755	0.880728596
2784	535061002	6585.00	3.22	0.001194279	0.881922875
2785	535061003	3639.00	1.09	0.000659982	0.882582857
2786	535061004	3246.00	1.00	0.000588706	0.883171563
2787	535061100	4934.00	4.92	0.000894848	0.884066411
2788	535061201	51.00	7.98	9.24954E-06	0.884075661
2789	535061203	6375.00	4.20	0.001156193	0.885231853
2790	535061205	6146.00	3.28	0.001114661	0.886346514
2791	535061207	7472.00	2.69	0.001355149	0.887701663
2792	535061208	5434.00	1.66	0.00098553	0.888687192
2793	535061209	9222.00	4.20	0.001672535	0.890359727
2794	535061210	52.00	4.17	9.43091E-06	0.890369158
2795	535061211	6014.00	2.44	0.001090721	0.891459879
2796	535061212	7012.00	1.85	0.001271721	0.8927316
2797	535061213	4051.00	1.20	0.000734704	0.893466304
2798	535061214	4489.00	2.13	0.000814141	0.894280445
2799	535061215	1591.00	4.06	0.000288549	0.894568995
2800	535061216	11570.00	4.12	0.002098377	0.896667372
2801	535061217	12370.00	3.70	0.002243468	0.898910839
2802	535061301	4220.00	1.88	0.000765354	0.899676193
2803	535061303	3986.00	1.75	0.000722915	0.900399109
2804	535061304	4147.00	1.34	0.000752115	0.901151223
2805	535061401	3296.00	1.61	0.000597774	0.901748998
2806	535061402	3940.00	3.11	0.000714573	0.90246357
2807	535061500	436.00	39.89	7.90745E-05	0.902542645
2808	535062001	6174.00	2.51	0.001119739	0.903662384
2809	535062002	5833.00	2.35	0.001057894	0.904720278
2810	535062003	11671.00	3.31	0.002116694	0.906836972
2811	535062004	2763.00	145.34	0.000501108	0.907338079
2812	535062100	5884.00	2.54	0.001067143	0.908405223
2813	535062200	6156.00	2.63	0.001116474	0.909521697
2814	535062300	3455.00	1.48	0.000626611	0.910148308
2815	535062400	5501.00	1.72	0.000997681	0.911145989
2816	535062500	679.00	15.14	0.000123146	0.911269135
2817	535062600	5823.00	189.59	0.00105608	0.912325215
2818	535063000	3228.00	110.35	0.000585442	0.912910657
2819	535063101	7650.00	3.27	0.001387431	0.914298088
2820	535063102	3115.00	2.40	0.000564948	0.914863036
2821	535063200	4357.00	2.06	0.000790201	0.915653237
2822	535063300	2720.00	3.65	0.000493309	0.916146546
2823	535063400	8222.00	4.39	0.001491171	0.917637718
2824	535063500	6077.00	2.88	0.001102147	0.918739864
2825	535063600	2926.00	1.57	0.00053067	0.919270534
2826	535063700	6947.00	128.93	0.001259933	0.920530467
2827	535063800	6089.00	6.43	0.001104323	0.92163479
2828	535063900	3958.00	10.34	0.000717837	0.922352627
2829	535080001	2534.00	1.06	0.000459575	0.922812202
2830	535080002	4872.00	10.52	0.000883603	0.923695805
2831	535080101	3791.00	1.43	0.000687549	0.924383355
2832	535080102	5812.00	3.84	0.001054085	0.92543744
2833	535080201	4065.00	2.19	0.000737243	0.926174683
2834	535080202	5235.00	2.26	0.000949438	0.927124121
2835	535080303	5314.00	2.97	0.000963766	0.928087887
2836	535080304	5643.00	2.77	0.001023435	0.929111322
2837	535080305	6310.00	2.46	0.001144404	0.930255726
2838	535080306	5836.00	1.57	0.001058438	0.931314164
2839	535080401	7204.00	3.08	0.001306543	0.932620707
2840	535080405	6954.00	3.07	0.001261202	0.93388191
2841	535080406	3273.00	0.82	0.000593603	0.934475513
2842	535080407	3810.00	0.90	0.000690995	0.935166508
2843	535080408	4027.00	2.48	0.000730351	0.935896859
2844	535080409	7958.00	9.46	0.001443291	0.937340151
2845	535080410	4791.00	1.53	0.000868913	0.938209064
2846	535080411	5402.00	1.68	0.000979726	0.93918879
2847	535080502	5038.00	1.06	0.00091371	0.940102499
2848	535080504	5985.00	6.96	0.001085461	0.941187961
2849	535080505	4071.00	4.09	0.000738331	0.941926292
2850	535080506	5373.00	1.50	0.000974467	0.942900758
2851	535080508	3628.00	16.09	0.000657987	0.943558745
2852	535080509	5675.00	1.11	0.001029238	0.944587984
2853	535080510	6738.00	1.17	0.001222028	0.945810011
2854	535080512	3852.00	12.72	0.000698613	0.946508624
2855	535080513	6742.00	3.31	0.001222753	0.947731377
2856	535080600	1635.00	62.47	0.000296529	0.948027907
2857	535080700	2672.00	119.50	0.000484604	0.94851251
2858	535081001	3711.00	0.61	0.00067304	0.949185551
2859	535081002	2459.00	0.79	0.000445973	0.949631524
2860	535081003	3367.00	1.08	0.000610651	0.950242175
2861	535081004	5920.00	2.52	0.001073672	0.951315847
2862	535081005	3936.00	3.39	0.000713847	0.952029694
2863	535081100	2752.00	3.47	0.000499113	0.952528807
2864	535081200	6069.00	1.59	0.001100696	0.953629502
2865	535082001	4739.00	1.46	0.000859482	0.954488985
2866	535082002	6018.00	3.00	0.001091446	0.955580431
2867	535082003	4094.00	1.15	0.000742503	0.956322933
2868	535083000	4078.00	186.30	0.000739601	0.957062534
2869	535083101	5283.00	12.15	0.000958144	0.958020678
2870	535083102	5681.00	17.55	0.001030327	0.959051004
2871	535083200	4127.00	204.65	0.000748488	0.959799492
3007	537020000	2661.00	16.22	0.000482609	0.9602821
3008	537020100	3432.00	6.15	0.00062244	0.96090454
3009	537020200	4255.00	3.00	0.000771702	0.961676242
3010	537020300	2327.00	1.97	0.000422033	0.962098275
3011	537020400	4873.00	1.88	0.000883785	0.96298206
3012	537020501	3461.00	1.57	0.000627699	0.963609759
3013	537020502	4900.00	1.18	0.000888682	0.964498441
3014	537020600	3516.00	1.13	0.000637674	0.965136115
3015	537020701	6319.00	5.15	0.001146036	0.966282152
3016	537020702	6403.00	1.63	0.001161271	0.967443423
3017	537020703	4046.00	1.58	0.000733797	0.96817722
3018	537020704	2544.00	0.71	0.000461389	0.968638609
3019	537020800	3126.00	1.77	0.000566943	0.969205551
3020	537020900	1687.00	0.79	0.00030596	0.969511512
3021	537021000	2310.00	1.18	0.00041895	0.969930462
3022	537021100	2832.00	1.71	0.000513622	0.970444083
3023	537021200	1528.00	0.51	0.000277124	0.970721207
3024	537021300	3470.00	0.80	0.000629332	0.971350538
3025	537021400	2536.00	1.07	0.000459938	0.971810477
3026	537021500	2646.00	0.73	0.000479888	0.972290365
3027	537021600	4090.00	2.19	0.000741777	0.973032142
3028	537021701	5053.00	2.19	0.00091643	0.973948572
3029	537021702	3693.00	2.16	0.000669776	0.974618348
3030	537021800	6753.00	4.35	0.001224748	0.975843096
3031	537021900	4531.00	2.38	0.000821758	0.976664854
3032	537022000	6119.00	1.82	0.001109764	0.977774618
3033	537022100	3081.00	1.14	0.000558781	0.978333399
3034	537022200	8593.00	4.33	0.001558457	0.979891857
3035	537022301	2759.00	1.64	0.000500382	0.980392239
3036	537022302	4766.00	2.48	0.000864379	0.981256618
3037	537022305	3345.00	0.97	0.000606661	0.981863279
3038	537022306	4386.00	1.46	0.000795461	0.982658739
3039	537022307	4630.00	1.23	0.000839713	0.983498453
3040	537022309	7116.00	2.87	0.001290583	0.984789036
3041	537022310	4225.00	1.26	0.000766261	0.985555297
3042	537022311	12533.00	4.73	0.00227303	0.987828327
3043	537022312	6139.00	8.35	0.001113391	0.988941718
3044	537022400	3731.00	89.45	0.000676668	0.989618386
1875	535000200	627.00	3.17	0.000113715	0.989732101
1985	535010300	5862.00	0.84	0.001063153	0.990795254
2036	535015602	2797.00	0.59	0.000507274	0.991302528
2323	535035702	5009.00	1.11	0.00090845	0.992210978
2483	535042005	6561.00	4.37	0.001189926	0.993400905
2484	535042006	5594.00	1.67	0.001014548	0.994415452
2487	535042010	3989.00	3.26	0.000723459	0.995138912
2488	535042011	6799.00	2.78	0.001233091	0.996372003
2494	535042106	3798.00	1.06	0.000688819	0.997060822
2495	535042107	4426.00	1.56	0.000802715	0.997863537
2510	535042411	6650.00	4.21	0.001206068	0.999069605
2684	535053001	5130.00	0.85	0.000930395	1
