%DAUID	      ROUTE
35180017	4
35180018	4
35180019	4
35180021	4
35180022	4
35180024	4
35180025	4
35180026	4
35180027	4
35180028	4
35180035	4
35180038	4
35180039	4
35180040	4
35180041	4
35180042	4
35180043	4
35180044	4
35180045	4
35180046	4
35180047	4
35180048	4
35180049	4
35180050	4
35180051	4
35180052	4
35180053	4
35180054	4
35180055	4
35180056	4
35180057	4
35180058	4
35180059	4
35180060	4
35180061	4
35180063	4
35180064	4
35180065	4
35180066	4
35180067	4
35180068	4
35180069	4
35180070	4
35180071	4
35180075	4
35180076	4
35180077	4
35180078	4
35180080	4
35180081	4
35180083	4
35180086	4
35180087	4
35180091	4
35180094	4
35180097	4
35180098	4
35180099	4
35180101	4
35180102	4
35180103	4
35180104	4
35180107	4
35180108	4
35180109	4
35180112	4
35180113	4
35180114	4
35180115	4
35180116	4
35180117	4
35180118	4
35180121	4
35180122	4
35180123	4
35180124	4
35180125	4
35180126	4
35180127	4
35180128	4
35180129	4
35180130	4
35180131	4
35180132	4
35180133	4
35180134	4
35180135	4
35180136	4
35180137	4
35180140	4
35180141	4
35180142	4
35180143	4
35180144	4
35180145	4
35180146	4
35180147	4
35180148	4
35180149	4
35180150	4
35180151	4
35180152	4
35180153	4
35180154	4
35180155	4
35180156	4
35180157	4
35180158	4
35180159	4
35180160	4
35180161	4
35180162	4
35180166	4
35180167	4
35180169	4
35180170	4
35180171	4
35180172	4
35180173	4
35180174	4
35180175	4
35180177	4
35180179	4
35180180	4
35180181	4
35180182	4
35180183	4
35180184	4
35180185	4
35180186	4
35180187	4
35180188	4
35180189	4
35180190	4
35180191	4
35180192	4
35180193	4
35180194	4
35180195	4
35180196	4
35180197	4
35180198	4
35180199	4
35180200	4
35180201	4
35180202	4
35180203	4
35180204	4
35180205	4
35180206	4
35180207	4
35180208	4
35180209	4
35180210	4
35180211	4
35180212	4
35180213	4
35180214	4
35180215	4
35180216	4
35180217	4
35180218	4
35180219	4
35180220	4
35180221	4
35180222	4
35180223	4
35180224	4
35180225	4
35180226	4
35180227	4
35180228	4
35180229	4
35180230	4
35180231	4
35180232	4
35180233	4
35180234	4
35180235	4
35180236	4
35180237	4
35180238	4
35180239	4
35180240	4
35180241	4
35180242	4
35180243	4
35180244	4
35180245	4
35180248	4
35180249	4
35180250	4
35180251	4
35180252	4
35180253	4
35180254	4
35180255	4
35180256	4
35180257	4
35180258	4
35180259	4
35180260	4
35180261	4
35180262	4
35180263	4
35180264	4
35180265	4
35180266	4
35180272	4
35180273	4
35180274	4
35180275	4
35180276	4
35180277	4
35180284	4
35180285	4
35180286	4
35180287	4
35180290	4
35180291	4
35180292	4
35180293	4
35180294	4
35180295	4
35180296	4
35180297	4
35180298	4
35180299	4
35180300	4
35180301	4
35180302	4
35180303	4
35180304	4
35180305	4
35180306	4
35180307	4
35180309	4
35180310	4
35180311	4
35180312	4
35180313	4
35180314	4
35180315	4
35180316	4
35180317	4
35180318	4
35180319	4
35180320	4
35180321	4
35180322	4
35180324	4
35180325	4
35180326	4
35180327	4
35180328	4
35180329	4
35180330	4
35180331	4
35180332	4
35180333	4
35180334	4
35180335	4
35180336	4
35180337	4
35180338	4
35180339	4
35180340	4
35180342	4
35180343	4
35180344	4
35180345	4
35180346	4
35180347	4
35180348	4
35180350	4
35180351	4
35180352	4
35180354	4
35180356	4
35180357	4
35180358	4
35180359	4
35180360	4
35180361	4
35180362	4
35180363	4
35180364	4
35180365	4
35180366	4
35180367	4
35180368	4
35180369	4
35180370	4
35180371	4
35180372	4
35180373	4
35180374	4
35180375	4
35180380	4
35180381	4
35180382	4
35180383	4
35180385	4
35180386	4
35180388	4
35180389	4
35180391	4
35180392	4
35180393	4
35180394	4
35180397	4
35180398	4
35180399	4
35180400	4
35180401	4
35180402	4
35180403	4
35180404	4
35180405	4
35180406	4
35180407	4
35180408	4
35180409	4
35180410	4
35180411	4
35180412	4
35180413	4
35180414	4
35180415	4
35180416	4
35180417	4
35180418	4
35180419	4
35180420	4
35180421	4
35180422	4
35180423	4
35180424	4
35180425	4
35180426	4
35180427	4
35180428	4
35180429	4
35180430	4
35180431	4
35180432	4
35180433	4
35180434	4
35180435	4
35180436	4
35180437	4
35180438	4
35180439	4
35180440	4
35180441	4
35180442	4
35180445	4
35180446	4
35180447	4
35180448	4
35180449	4
35180450	4
35180451	4
35180452	4
35180453	4
35180454	4
35180455	4
35180456	4
35180457	4
35180458	4
35180459	4
35180460	4
35180461	4
35180462	4
35180463	4
35180464	4
35180465	4
35180466	4
35180467	4
35180468	4
35180469	4
35180472	4
35180473	4
35180474	4
35180475	4
35180476	4
35180477	4
35180478	4
35180479	4
35180480	4
35180481	4
35180482	4
35180483	4
35180484	4
35180485	4
35180486	4
35180487	4
35180488	4
35180489	4
35180490	4
35180491	4
35180492	4
35180493	4
35180494	4
35180495	4
35180496	4
35180497	4
35180498	4
35180499	4
35180500	4
35180501	4
35180502	4
35180503	4
35180504	4
35180505	4
35180506	4
35180507	4
35180508	4
35180510	4
35180511	4
35180512	4
35180513	4
35180514	4
35180515	4
35180516	4
35180517	4
35180518	4
35180519	4
35180520	4
35180525	4
35180533	4
35180534	4
35180538	4
35180539	4
35180540	4
35180541	4
35180544	4
35180545	4
35180546	4
35180547	4
35180548	4
35180549	4
35180550	4
35180551	4
35180553	4
35180554	4
35180555	4
35180556	4
35180557	4
35180558	4
35180559	4
35180560	4
35180562	4
35180563	4
35180564	4
35180565	4
35180566	4
35180567	4
35180568	4
35180569	4
35180570	4
35180571	4
35180572	4
35180573	4
35180574	4
35180575	4
35180576	4
35180581	4
35180582	4
35180583	4
35180584	4
35180585	4
35180586	4
35180587	4
35180588	4
35180589	4
35180590	4
35180591	4
35180592	4
35180593	4
35180594	4
35180595	4
35180596	4
35180597	4
35180598	4
35180599	4
35180600	4
35180601	4
35180602	4
35180603	4
35180604	4
35180605	4
35180606	4
35180607	4
35180608	4
35180609	4
35180611	4
35180613	4
35180614	4
35180615	4
35180616	4
35180617	4
35180618	4
35180619	4
35180620	4
35180621	4
35180622	4
35180623	4
35180624	4
35180625	4
35180626	4
35180627	4
35180628	4
35180629	4
35180630	4
35180631	4
35180632	4
35180633	4
35180634	4
35180635	4
35180636	4
35180637	4
35180638	4
35180639	4
35180640	4
35180641	4
35180642	4
35180643	4
35180644	4
35180645	4
35180646	4
35180647	4
35180648	4
35180649	4
35180650	4
35180651	4
35180652	4
35180654	4
35180655	4
35180656	4
35180657	4
35180658	4
35180659	4
35180660	4
35180661	4
35180662	4
35180663	4
35180665	4
35180666	4
35180667	4
35180668	4
35180669	4
35180670	4
35180671	4
35180672	4
35180676	4
35180677	4
35180679	4
35180680	4
35180681	4
35180682	4
35180683	4
35180684	4
35180685	4
35180686	4
35180687	4
35180688	4
35180689	4
35180690	4
35180691	4
35180692	4
35180693	4
35180697	4
35180698	4
35180699	4
35180701	4
35180702	4
35180703	4
35180704	4
35180707	4
35180710	4
35180711	4
35180712	4
35180713	4
35180714	4
35180715	4
35180716	4
35180717	4
35180718	4
35180720	4
35180721	4
35180722	4
35180723	4
35180724	4
35180725	4
35180726	4
35180727	4
35180732	4
35180733	4
35180734	4
35180735	4
35180736	4
35180737	4
35180738	4
35180739	4
35180762	4
35180767	4
35180768	4
35180769	4
35180770	4
35180771	4
35180772	4
35180773	4
35180774	4
35180775	4
35180776	4
35180777	4
35180778	4
35180779	4
35180780	4
35180781	4
35180782	4
35180783	4
35180784	4
35180785	4
35180786	4
35180791	4
35180792	4
35180793	4
35180794	4
35180795	4
35180796	4
35180797	4
35180798	4
35180799	4
35180800	4
35180801	4
35180802	4
35180803	4
35180804	4
35180805	4
35180806	4
35180807	4
35180808	4
35180810	4
35180811	4
35180812	4
35180813	4
35180816	4
35180817	4
35180818	4
35180819	4
35180820	4
35180821	4
35180822	4
35180823	4
35180824	4
35180825	4
35180826	4
35180827	4
35180828	4
35180829	4
35180830	4
35180831	4
35180832	4
35180833	4
35180834	4
35180835	4
35180836	4
35180837	4
35180838	4
35180839	4
35180840	4
35180841	4
35180842	4
35180843	4
35180844	4
35180845	4
35180846	4
35180847	4
35180848	4
35180849	4
35180850	4
35180851	4
35180852	4
35180853	4
35180854	4
35180855	4
35180856	4
35180857	4
35180858	4
35180859	4
35180860	4
35180861	4
35180862	4
35180863	4
35180864	4
35180865	4
35180866	4
35180867	4
35180868	4
35180869	4
35180870	2
35180871	2
35180872	4
35180873	4
35180874	4
35180875	4
35180876	4
35180877	4
35180878	4
35180879	4
35180880	4
35180881	4
35180882	4
35180883	4
35180884	4
35180885	4
35180886	4
35180887	4
35180888	4
35180889	4
35180890	4
35180891	4
35180892	4
35180893	4
35180894	4
35180895	4
35180896	4
35180897	4
35180898	4
35180899	4
35180900	4
35180901	4
35180902	4
35180903	4
35180904	4
35180905	4
35180906	4
35180907	4
35180908	4
35180909	4
35180910	4
35180911	4
35180912	4
35180913	4
35180914	4
35180915	4
35180916	4
35180917	4
35180918	4
35180919	4
35180920	4
35180921	4
35180922	4
35180923	4
35180924	4
35180925	4
35180926	4
35180927	4
35180928	4
35180929	4
35180930	4
35180931	4
35180932	4
35180933	4
35180934	4
35180935	4
35180936	4
35180937	4
35180938	4
35180939	4
35180940	4
35180941	4
35180942	4
35180943	4
35180944	4
35180945	4
35180946	4
35180947	4
35180948	4
35180949	4
35180950	4
35180951	4
35180952	4
35180953	4
35180954	4
35180955	4
35180956	4
35180957	4
35180958	4
35180959	4
35180960	4
35180961	4
35180962	4
35180963	4
35180964	4
35180965	4
35180966	4
35180967	4
35180968	4
35180969	4
35180970	4
35180971	4
35180972	4
35180973	4
35180974	4
35180975	4
35180976	4
35180977	4
35180978	4
35180979	4
35180980	4
35180981	4
35180982	4
35180983	4
35180984	4
35180985	4
35180986	4
35180987	4
35180988	4
35180989	4
35180990	4
35180991	4
35180992	4
35180993	4
35180994	4
35180995	4
35180996	4
35180997	4
35180998	4
35180999	4
35181000	4
35181001	4
35181002	4
35181003	4
35181004	4
35181005	4
35181006	4
35181007	4
35181008	4
35181009	4
35181010	4
35181011	4
35181012	4
35181013	4
35181014	4
35181015	4
35181016	4
35181017	4
35181018	4
35181019	4
35181020	4
35181021	4
35181022	4
35181023	4
35181024	4
35190001	2
35190002	2
35190003	4
35190004	4
35190005	4
35190006	4
35190009	4
35190011	2
35190012	2
35190013	2
35190015	2
35190016	2
35190017	2
35190018	2
35190019	2
35190020	2
35190021	2
35190022	2
35190026	2
35190027	2
35190028	2
35190029	2
35190030	2
35190031	2
35190032	2
35190033	2
35190034	2
35190035	2
35190036	2
35190037	2
35190039	2
35190040	2
35190041	2
35190042	2
35190043	2
35190044	2
35190045	2
35190046	2
35190047	2
35190048	2
35190049	2
35190050	2
35190051	2
35190052	2
35190053	2
35190054	2
35190055	2
35190056	2
35190057	2
35190058	2
35190059	2
35190061	2
35190062	2
35190065	2
35190066	2
35190067	2
35190068	2
35190069	2
35190070	2
35190071	2
35190072	2
35190073	2
35190074	2
35190075	2
35190076	2
35190077	2
35190078	2
35190079	2
35190080	2
35190081	2
35190082	2
35190083	2
35190084	2
35190085	2
35190086	2
35190087	2
35190088	2
35190089	2
35190090	2
35190091	2
35190092	2
35190093	2
35190094	2
35190095	2
35190096	2
35190097	2
35190098	2
35190099	2
35190100	2
35190101	2
35190102	2
35190103	2
35190104	2
35190105	2
35190106	2
35190107	2
35190108	2
35190109	2
35190110	2
35190111	2
35190112	2
35190113	2
35190114	2
35190115	2
35190117	2
35190118	2
35190119	2
35190120	2
35190121	2
35190122	2
35190123	2
35190124	2
35190125	2
35190126	2
35190127	2
35190128	2
35190129	2
35190130	2
35190131	2
35190132	2
35190133	2
35190136	2
35190137	2
35190138	2
35190139	2
35190140	2
35190141	2
35190142	2
35190143	2
35190144	2
35190145	2
35190146	2
35190147	2
35190148	2
35190149	2
35190150	2
35190151	2
35190152	2
35190153	2
35190154	2
35190155	2
35190157	2
35190158	2
35190159	2
35190160	2
35190161	2
35190162	2
35190163	2
35190164	2
35190165	2
35190166	2
35190167	2
35190168	2
35190170	2
35190175	2
35190176	2
35190177	2
35190178	2
35190179	2
35190180	2
35190181	2
35190182	2
35190183	2
35190184	2
35190185	2
35190186	2
35190187	2
35190188	2
35190189	2
35190192	2
35190195	2
35190196	2
35190197	2
35190199	2
35190200	2
35190202	2
35190205	2
35190207	2
35190208	2
35190209	2
35190210	2
35190211	2
35190212	2
35190213	2
35190214	2
35190215	2
35190216	2
35190217	2
35190218	2
35190219	2
35190220	2
35190221	2
35190222	2
35190223	2
35190224	2
35190225	2
35190226	2
35190227	2
35190228	2
35190229	2
35190230	2
35190235	2
35190236	2
35190237	2
35190238	2
35190239	2
35190240	2
35190241	2
35190242	2
35190243	2
35190244	2
35190245	2
35190246	2
35190247	2
35190248	2
35190252	2
35190253	2
35190254	2
35190255	2
35190256	2
35190257	2
35190258	2
35190259	2
35190260	2
35190261	2
35190262	2
35190263	2
35190264	2
35190265	2
35190266	2
35190267	2
35190268	2
35190269	2
35190270	2
35190271	2
35190272	2
35190273	2
35190274	2
35190275	2
35190276	2
35190277	2
35190278	2
35190279	2
35190280	2
35190281	2
35190282	2
35190283	2
35190284	2
35190285	2
35190286	2
35190287	2
35190288	2
35190289	2
35190290	2
35190291	2
35190292	2
35190293	2
35190294	2
35190295	2
35190296	2
35190297	2
35190300	2
35190301	2
35190302	2
35190303	2
35190304	2
35190305	2
35190306	2
35190307	2
35190308	2
35190309	2
35190310	2
35190311	2
35190312	2
35190313	2
35190316	2
35190317	2
35190318	2
35190320	2
35190326	2
35190327	2
35190328	2
35190329	2
35190332	2
35190334	2
35190336	2
35190337	2
35190338	2
35190339	2
35190340	2
35190341	2
35190342	2
35190343	2
35190344	2
35190345	2
35190346	2
35190347	2
35190348	2
35190349	2
35190350	2
35190351	2
35190352	2
35190353	2
35190354	2
35190355	2
35190356	2
35190357	2
35190358	2
35190359	2
35190360	2
35190364	2
35190365	2
35190366	2
35190367	2
35190370	2
35190371	2
35190372	2
35190373	2
35190374	2
35190375	2
35190376	2
35190377	2
35190378	2
35190379	2
35190380	2
35190381	2
35190382	2
35190383	2
35190384	2
35190385	2
35190389	2
35190390	2
35190391	2
35190392	2
35190393	2
35190394	2
35190395	2
35190396	2
35190397	2
35190398	2
35190401	2
35190403	2
35190404	2
35190405	2
35190406	2
35190407	2
35190408	2
35190409	2
35190410	2
35190411	3
35190412	3
35190413	3
35190414	3
35190415	3
35190416	3
35190417	3
35190418	3
35190419	3
35190420	2
35190421	3
35190422	2
35190423	2
35190424	2
35190425	2
35190426	2
35190427	2
35190428	2
35190429	3
35190430	2
35190431	3
35190432	3
35190433	2
35190434	2
35190435	2
35190436	2
35190437	2
35190438	2
35190439	2
35190440	2
35190441	2
35190442	2
35190443	2
35190444	2
35190445	2
35190446	2
35190447	2
35190448	2
35190453	2
35190454	2
35190455	2
35190457	2
35190458	2
35190459	2
35190460	2
35190463	2
35190464	2
35190465	2
35190466	2
35190467	2
35190468	2
35190469	2
35190470	2
35190471	2
35190472	2
35190473	2
35190474	2
35190475	2
35190476	2
35190477	2
35190480	2
35190481	2
35190482	2
35190483	2
35190484	2
35190485	2
35190486	2
35190487	2
35190488	2
35190489	2
35190490	2
35190491	2
35190492	2
35190493	2
35190494	2
35190495	2
35190496	2
35190497	2
35190498	2
35190499	2
35190500	2
35190501	2
35190502	2
35190503	2
35190504	2
35190505	2
35190506	2
35190507	2
35190508	2
35190511	2
35190512	2
35190513	2
35190514	2
35190515	2
35190516	2
35190517	2
35190518	2
35190519	2
35190520	2
35190521	2
35190522	2
35190525	2
35190526	2
35190527	2
35190528	2
35190529	2
35190530	2
35190531	2
35190532	2
35190533	2
35190534	2
35190537	2
35190538	2
35190539	2
35190540	2
35190541	2
35190542	2
35190543	2
35190544	2
35190545	2
35190546	2
35190547	2
35190548	2
35190549	2
35190550	2
35190551	2
35190552	2
35190553	2
35190554	2
35190558	2
35190559	2
35190561	3
35190562	3
35190563	3
35190564	3
35190565	3
35190566	3
35190567	3
35190568	3
35190569	3
35190570	3
35190571	3
35190572	3
35190573	3
35190575	3
35190576	3
35190577	3
35190578	3
35190581	2
35190583	3
35190584	2
35190585	3
35190586	3
35190587	3
35190588	2
35190589	3
35190590	3
35190591	2
35190592	2
35190593	2
35190594	2
35190595	2
35190596	4
35190598	4
35190599	4
35190600	4
35190601	4
35190602	4
35190603	4
35190604	4
35190605	4
35190606	4
35190607	4
35190608	4
35190609	4
35190610	4
35190611	4
35190612	4
35190613	4
35190614	4
35190615	4
35190616	4
35190617	4
35190619	4
35190620	4
35190621	4
35190622	4
35190623	4
35190624	4
35190625	4
35190626	4
35190627	4
35190628	4
35190629	4
35190630	4
35190631	4
35190632	4
35190633	4
35190634	4
35190635	4
35190636	2
35190637	4
35190639	3
35190640	2
35190641	3
35190642	3
35190643	3
35190644	2
35190645	3
35190646	4
35190647	4
35190648	4
35190649	4
35190650	4
35190651	4
35190652	4
35190654	4
35190656	4
35190657	4
35190658	4
35190659	4
35190660	4
35190661	4
35190663	4
35190664	4
35190665	4
35190666	4
35190667	4
35190668	4
35190669	4
35190670	4
35190671	4
35190672	4
35190673	4
35190674	4
35190675	4
35190676	4
35190680	4
35190681	4
35190683	4
35190684	4
35190685	4
35190686	4
35190687	4
35190688	4
35190689	4
35190690	4
35190691	4
35190692	4
35190693	4
35190694	4
35190695	4
35190696	4
35190697	4
35190698	4
35190700	4
35190702	4
35190703	4
35190704	4
35190705	4
35190706	4
35190707	4
35190708	4
35190709	4
35190710	4
35190711	4
35190712	4
35190713	4
35190714	4
35190715	4
35190716	4
35190717	4
35190718	4
35190719	4
35190720	4
35190721	4
35190722	4
35190723	4
35190724	4
35190725	4
35190726	4
35190727	4
35190728	4
35190729	4
35190730	4
35190731	4
35190732	4
35190733	4
35190734	4
35190735	4
35190736	4
35190737	4
35190738	4
35190739	4
35190740	4
35190741	4
35190742	4
35190743	4
35190744	4
35190746	4
35190747	3
35190748	3
35190749	2
35190750	3
35190751	3
35190752	3
35190753	3
35190754	3
35190756	3
35190759	3
35190761	3
35190762	3
35190763	2
35190767	2
35190768	2
35190769	2
35190770	2
35190771	2
35190772	2
35190773	2
35190776	2
35190777	2
35190778	2
35190779	2
35190780	2
35190781	2
35190782	2
35190783	2
35190784	2
35190785	2
35190786	2
35190787	2
35190788	2
35190789	2
35190790	2
35190791	2
35190792	2
35190795	2
35190796	2
35190797	2
35190798	2
35190800	2
35190801	2
35190802	2
35190803	2
35190804	2
35190805	2
35190807	2
35190809	2
35190810	2
35190811	2
35190812	2
35190813	2
35190814	2
35190815	2
35190816	2
35190817	2
35190818	2
35190820	2
35190821	2
35190822	2
35190824	2
35190825	2
35190826	2
35190827	2
35190828	2
35190829	2
35190830	2
35190831	2
35190832	2
35190833	2
35190834	2
35190835	2
35190836	2
35190837	2
35190838	2
35190839	2
35190840	2
35190841	2
35190842	2
35190844	2
35190846	2
35190847	2
35190848	2
35190849	2
35190850	2
35190851	2
35190852	2
35190853	2
35190854	2
35190855	2
35190856	2
35190857	2
35190858	2
35190859	2
35190860	2
35190861	2
35190862	2
35190864	2
35190866	2
35190867	2
35190869	2
35190870	2
35190871	2
35190872	2
35190873	2
35190874	2
35190875	2
35190876	2
35190877	2
35190878	2
35190879	2
35190880	2
35190881	2
35190882	2
35190883	2
35190884	2
35190885	2
35190886	2
35190887	2
35190888	2
35190889	2
35190890	2
35190891	2
35190892	2
35190893	2
35190894	2
35190895	2
35190896	2
35190897	2
35190898	2
35190899	2
35190900	2
35190901	2
35190902	2
35190905	2
35190906	2
35190907	2
35190908	2
35190910	2
35190911	2
35190912	2
35190913	2
35190914	2
35190915	2
35190916	2
35190917	2
35190918	2
35190919	2
35190920	2
35190921	2
35190922	2
35190923	2
35190924	2
35190925	2
35190926	2
35190927	2
35190928	2
35190929	2
35190930	2
35190931	2
35190932	2
35190933	2
35190934	2
35190935	2
35190936	2
35190937	2
35190938	2
35190939	2
35190940	2
35190941	2
35190942	2
35190943	2
35190944	2
35190946	2
35190947	2
35190948	2
35190949	2
35190950	2
35190951	2
35190952	2
35190953	2
35190954	2
35190955	2
35190956	2
35190957	2
35190958	2
35190959	2
35190960	2
35190961	2
35190962	2
35190963	4
35190964	4
35190965	4
35190966	2
35190967	2
35190968	2
35190969	4
35190970	4
35190971	4
35190972	4
35190973	4
35190974	4
35190975	4
35190976	4
35190977	4
35190978	4
35190979	4
35190980	4
35190981	4
35190982	4
35190983	4
35190984	2
35190985	2
35190986	2
35190987	2
35190988	2
35190989	2
35190990	4
35190992	4
35190995	2
35190996	2
35190997	2
35190998	2
35190999	2
35191000	2
35191001	2
35191002	2
35191003	2
35191004	2
35191006	2
35191007	2
35191010	2
35191011	2
35191012	2
35191013	2
35191014	2
35191015	2
35191016	2
35191017	2
35191018	2
35191019	2
35191020	4
35191021	4
35191022	3
35191023	4
35191024	4
35191026	2
35191027	2
35191031	2
35191032	2
35191033	2
35191035	2
35191036	2
35191037	2
35191038	2
35191039	2
35191040	2
35191041	2
35191042	2
35191043	2
35191044	2
35191045	2
35191046	2
35191047	2
35191049	2
35191050	2
35191051	2
35191052	2
35191053	2
35191054	2
35191055	2
35191056	2
35191057	2
35191058	2
35191059	2
35191060	2
35191061	2
35191062	2
35191063	2
35191064	2
35191066	2
35191067	2
35191068	2
35191069	2
35191070	2
35191071	2
35191072	2
35191073	2
35191074	2
35191075	2
35191077	3
35191078	3
35191079	2
35191080	2
35191081	4
35191082	4
35191083	4
35191084	4
35191085	4
35191086	4
35191087	4
35191088	2
35191089	2
35191090	2
35191091	2
35191092	4
35191093	4
35191095	4
35191096	2
35191097	2
35191098	2
35191099	2
35191100	2
35191101	2
35191102	2
35191103	2
35191104	2
35191105	3
35191106	3
35191107	3
35191108	3
35191109	3
35191110	3
35191111	3
35191112	4
35191113	4
35191114	4
35191115	2
35191116	2
35191117	2
35191118	2
35191119	2
35191120	2
35191121	2
35191123	2
35191124	2
35191125	2
35191126	2
35191127	2
35191128	2
35191129	2
35191130	2
35191131	2
35191132	2
35191133	2
35191134	2
35191135	2
35191136	2
35191137	2
35191138	2
35191139	2
35191140	2
35191141	2
35191142	2
35191143	4
35191144	2
35191145	2
35191146	2
35191147	2
35191148	2
35191149	2
35191150	2
35191151	2
35191152	2
35191153	2
35191154	2
35191155	2
35191156	2
35191157	2
35191158	2
35191159	2
35191160	2
35191161	2
35191162	2
35191163	2
35191164	2
35191165	2
35191166	4
35191167	4
35191168	4
35191169	4
35191170	4
35191171	4
35191172	4
35191173	4
35191174	4
35191175	4
35191176	4
35191177	4
35191178	4
35191179	4
35191180	4
35191181	4
35191182	4
35191183	4
35191184	4
35191185	4
35191186	4
35191187	4
35191188	4
35191189	4
35191190	4
35191191	4
35191192	4
35191193	4
35191194	4
35191195	2
35191196	2
35191197	3
35191198	2
35191199	2
35191200	2
35191201	4
35191202	2
35191203	2
35191204	3
35191205	3
35191206	3
35191207	3
35191208	3
35191209	2
35191210	2
35191211	2
35191212	2
35191213	2
35191214	2
35191215	2
35191216	2
35191217	2
35191218	2
35191219	2
35191220	2
35191221	2
35191222	2
35191223	2
35191224	2
35191225	2
35191226	2
35191227	2
35191228	2
35191229	2
35191230	2
35191231	2
35191232	2
35191233	2
35191234	2
35191235	2
35191236	2
35191237	2
35191238	2
35191239	2
35191240	2
35191241	2
35191242	2
35191243	2
35191244	2
35191245	2
35191246	2
35191247	2
35191248	2
35191249	2
35191250	2
35191251	2
35191252	2
35191253	2
35191254	2
35191255	2
35191256	2
35191257	2
35191258	2
35191259	2
35191260	2
35191261	2
35191262	2
35191263	2
35191264	2
35191265	2
35191266	2
35191267	2
35191268	2
35191269	2
35191270	2
35191271	2
35200001	4
35200002	4
35200003	4
35200004	4
35200005	4
35200006	4
35200007	4
35200009	4
35200010	4
35200011	4
35200012	4
35200013	4
35200018	4
35200021	4
35200028	4
35200029	4
35200030	4
35200031	4
35200032	4
35200033	4
35200034	4
35200035	4
35200036	4
35200037	4
35200039	4
35200041	4
35200042	4
35200043	4
35200044	4
35200046	4
35200047	4
35200048	4
35200049	4
35200050	4
35200051	4
35200052	4
35200053	4
35200054	4
35200055	4
35200056	4
35200057	4
35200058	4
35200059	4
35200060	4
35200061	4
35200062	4
35200063	4
35200064	4
35200065	4
35200066	4
35200067	4
35200068	4
35200069	4
35200070	4
35200071	4
35200072	4
35200073	4
35200074	4
35200078	4
35200079	4
35200080	4
35200081	4
35200082	4
35200085	4
35200086	4
35200087	4
35200088	4
35200089	4
35200090	4
35200091	4
35200092	4
35200093	4
35200094	4
35200095	4
35200096	4
35200097	4
35200098	4
35200099	4
35200100	4
35200101	4
35200102	4
35200103	4
35200104	4
35200105	4
35200106	4
35200107	4
35200108	4
35200109	4
35200110	4
35200111	4
35200112	4
35200114	4
35200115	4
35200116	4
35200117	4
35200118	4
35200119	4
35200120	4
35200121	4
35200123	4
35200124	4
35200125	4
35200126	4
35200127	4
35200128	4
35200133	4
35200134	4
35200135	4
35200136	4
35200137	4
35200138	4
35200139	4
35200140	4
35200141	4
35200142	4
35200143	4
35200144	4
35200145	4
35200146	4
35200147	4
35200148	4
35200149	4
35200150	4
35200161	3
35200162	3
35200163	3
35200164	3
35200165	3
35200166	3
35200167	3
35200173	3
35200174	3
35200175	3
35200176	3
35200177	3
35200178	3
35200179	3
35200180	3
35200181	3
35200182	3
35200183	3
35200186	3
35200187	3
35200188	3
35200189	3
35200190	3
35200193	3
35200196	3
35200197	3
35200198	3
35200199	2
35200200	3
35200201	2
35200202	4
35200203	4
35200204	4
35200205	4
35200206	4
35200207	4
35200208	4
35200209	4
35200210	4
35200211	4
35200212	4
35200213	4
35200214	4
35200215	4
35200216	4
35200217	4
35200218	4
35200219	4
35200220	4
35200221	4
35200222	4
35200223	4
35200224	4
35200232	4
35200233	4
35200234	4
35200235	4
35200236	4
35200237	4
35200238	4
35200239	4
35200242	4
35200243	4
35200244	4
35200245	4
35200246	4
35200249	4
35200250	4
35200251	4
35200252	4
35200253	4
35200254	2
35200255	2
35200256	3
35200260	3
35200261	3
35200262	3
35200263	3
35200264	3
35200265	3
35200266	3
35200267	3
35200268	3
35200269	3
35200270	3
35200271	3
35200272	3
35200273	3
35200275	3
35200278	3
35200279	3
35200280	3
35200281	3
35200284	3
35200288	3
35200289	3
35200290	3
35200291	3
35200292	3
35200293	3
35200294	3
35200297	3
35200298	3
35200300	3
35200301	3
35200302	3
35200303	3
35200304	3
35200305	3
35200306	3
35200307	3
35200308	3
35200309	3
35200310	3
35200313	3
35200315	3
35200316	3
35200317	3
35200318	3
35200319	3
35200320	3
35200321	3
35200322	3
35200323	3
35200324	3
35200325	3
35200326	3
35200327	3
35200328	3
35200329	3
35200330	3
35200331	3
35200332	3
35200333	3
35200334	2
35200335	2
35200336	2
35200337	2
35200338	2
35200339	2
35200352	2
35200353	2
35200354	2
35200355	3
35200357	3
35200358	2
35200359	2
35200360	2
35200361	2
35200362	3
35200363	3
35200364	3
35200366	3
35200368	3
35200370	3
35200371	3
35200372	3
35200373	3
35200374	2
35200375	3
35200376	2
35200377	3
35200378	3
35200379	3
35200380	3
35200381	3
35200382	3
35200383	3
35200384	3
35200385	3
35200386	3
35200387	3
35200388	3
35200389	3
35200391	3
35200392	3
35200393	3
35200394	3
35200395	3
35200396	3
35200397	3
35200400	3
35200401	3
35200402	3
35200403	3
35200404	3
35200405	3
35200406	3
35200407	3
35200408	3
35200409	3
35200410	3
35200411	3
35200412	3
35200413	3
35200414	3
35200415	3
35200416	3
35200417	2
35200418	3
35200420	2
35200421	2
35200422	4
35200423	2
35200426	4
35200427	4
35200428	4
35200429	4
35200430	4
35200431	4
35200432	4
35200433	4
35200434	4
35200435	4
35200436	4
35200437	4
35200438	4
35200439	4
35200440	4
35200442	4
35200443	4
35200444	4
35200445	4
35200449	2
35200450	2
35200451	2
35200452	2
35200453	1
35200454	1
35200455	1
35200456	1
35200459	1
35200460	1
35200463	1
35200464	1
35200465	2
35200466	1
35200467	2
35200468	2
35200469	1
35200470	1
35200471	1
35200472	1
35200475	1
35200478	1
35200479	1
35200480	1
35200481	1
35200482	1
35200483	1
35200484	1
35200488	1
35200489	1
35200490	1
35200491	1
35200492	1
35200493	1
35200494	1
35200495	1
35200497	1
35200498	1
35200499	1
35200505	1
35200506	1
35200510	1
35200511	1
35200512	1
35200513	1
35200514	1
35200515	1
35200516	1
35200517	1
35200518	1
35200519	1
35200520	1
35200521	1
35200522	1
35200523	1
35200524	1
35200525	1
35200529	1
35200531	1
35200532	1
35200533	1
35200534	1
35200535	1
35200536	1
35200538	1
35200539	1
35200540	1
35200541	1
35200542	1
35200545	1
35200561	1
35200562	1
35200563	1
35200564	1
35200565	1
35200566	1
35200567	1
35200568	1
35200569	1
35200570	1
35200571	1
35200572	1
35200573	1
35200574	1
35200575	1
35200576	1
35200577	1
35200578	1
35200579	1
35200580	1
35200581	1
35200582	1
35200583	1
35200584	1
35200585	1
35200586	1
35200587	1
35200588	1
35200589	1
35200590	1
35200591	1
35200593	1
35200594	1
35200595	1
35200596	1
35200597	1
35200598	1
35200599	1
35200600	1
35200601	1
35200602	1
35200603	1
35200604	1
35200605	1
35200606	1
35200610	1
35200611	1
35200612	1
35200639	1
35200640	1
35200641	1
35200642	1
35200643	1
35200644	1
35200645	1
35200646	1
35200647	1
35200648	1
35200649	1
35200650	1
35200651	1
35200652	1
35200653	1
35200654	1
35200655	1
35200656	1
35200657	1
35200658	1
35200659	1
35200660	1
35200661	1
35200662	1
35200663	1
35200664	1
35200665	1
35200666	1
35200667	1
35200668	1
35200669	1
35200670	1
35200671	1
35200672	1
35200673	1
35200674	1
35200675	1
35200676	1
35200677	1
35200678	1
35200679	1
35200680	1
35200681	1
35200682	1
35200683	1
35200686	1
35200687	1
35200688	1
35200689	1
35200690	1
35200691	1
35200692	1
35200693	1
35200694	1
35200695	1
35200696	1
35200697	1
35200698	1
35200699	1
35200700	1
35200701	1
35200702	1
35200703	1
35200704	1
35200705	1
35200706	1
35200707	1
35200708	1
35200709	1
35200710	1
35200711	1
35200712	1
35200713	1
35200714	1
35200715	1
35200716	1
35200717	1
35200718	1
35200719	1
35200720	1
35200724	1
35200725	1
35200726	1
35200727	1
35200728	1
35200729	1
35200730	1
35200731	1
35200732	1
35200733	1
35200734	1
35200735	1
35200736	1
35200737	1
35200738	1
35200739	1
35200740	1
35200741	1
35200744	1
35200745	1
35200746	2
35200747	2
35200748	2
35200749	2
35200750	2
35200751	2
35200752	2
35200753	2
35200754	2
35200755	2
35200756	1
35200757	2
35200768	2
35200769	2
35200770	2
35200771	2
35200772	1
35200774	1
35200782	2
35200783	1
35200791	1
35200792	1
35200794	1
35200795	1
35200796	1
35200797	1
35200798	1
35200801	2
35200802	1
35200803	1
35200804	1
35200805	2
35200806	2
35200807	1
35200808	2
35200809	2
35200810	2
35200811	2
35200812	2
35200813	2
35200814	2
35200815	2
35200821	2
35200822	2
35200826	2
35200827	2
35200828	2
35200829	2
35200830	2
35200831	2
35200832	2
35200833	2
35200852	2
35200855	2
35200859	2
35200860	2
35200861	2
35200862	2
35200863	2
35200864	2
35200865	2
35200866	2
35200867	2
35200868	2
35200869	2
35200870	2
35200876	2
35200877	2
35200878	2
35200879	2
35200880	1
35200881	1
35200882	1
35200883	2
35200884	2
35200885	2
35200886	2
35200887	2
35200888	2
35200889	2
35200890	2
35200891	2
35200892	2
35200893	2
35200894	2
35200895	2
35200896	2
35200897	2
35200898	2
35200899	2
35200900	2
35200901	2
35200902	2
35200903	2
35200905	2
35200906	2
35200907	1
35200908	1
35200909	1
35200910	1
35200911	1
35200912	1
35200913	1
35200914	1
35200915	1
35200916	1
35200917	1
35200918	1
35200919	1
35200920	1
35200921	1
35200922	1
35200923	1
35200924	1
35200925	1
35200926	1
35200927	1
35200928	1
35200929	1
35200930	1
35200931	1
35200932	1
35200933	1
35200934	1
35200935	1
35200936	1
35200937	1
35200938	1
35200939	1
35200940	1
35200941	1
35200942	1
35200943	1
35200944	1
35200945	1
35200946	1
35200949	1
35200950	1
35200951	1
35200952	1
35200953	1
35200954	1
35200955	1
35200956	1
35200957	1
35200958	1
35200959	1
35200960	1
35200961	1
35200962	1
35200963	1
35200964	1
35200965	1
35200966	1
35200967	1
35200968	1
35200969	1
35200974	2
35200975	2
35200976	2
35200977	2
35200979	2
35200981	2
35200983	2
35200985	1
35200986	1
35200987	1
35200988	1
35200989	1
35200990	1
35200991	1
35200992	1
35200993	1
35200994	1
35200995	1
35200996	1
35200997	1
35200998	1
35200999	1
35201000	1
35201001	1
35201002	1
35201003	1
35201004	1
35201005	1
35201006	1
35201007	1
35201008	1
35201009	1
35201010	1
35201011	1
35201012	1
35201013	1
35201014	1
35201015	1
35201016	1
35201017	1
35201018	1
35201019	1
35201020	1
35201023	1
35201024	1
35201025	1
35201026	1
35201027	1
35201028	1
35201029	1
35201030	1
35201031	1
35201032	1
35201033	1
35201034	2
35201035	2
35201036	1
35201038	2
35201039	2
35201040	2
35201041	2
35201044	2
35201045	2
35201046	2
35201047	2
35201048	2
35201049	2
35201050	2
35201051	2
35201052	2
35201053	2
35201054	2
35201055	2
35201056	2
35201057	2
35201058	1
35201059	1
35201060	1
35201061	1
35201062	2
35201063	2
35201064	2
35201065	1
35201066	1
35201067	1
35201068	1
35201069	1
35201070	1
35201071	1
35201072	1
35201073	2
35201076	2
35201077	2
35201078	2
35201079	2
35201080	2
35201081	2
35201104	2
35201105	2
35201106	2
35201107	2
35201109	2
35201110	2
35201111	2
35201112	2
35201113	2
35201114	2
35201122	2
35201123	2
35201124	2
35201125	2
35201126	2
35201127	2
35201128	2
35201129	2
35201130	2
35201131	2
35201132	2
35201133	2
35201134	2
35201139	2
35201140	2
35201141	2
35201142	2
35201143	2
35201144	2
35201145	1
35201146	1
35201147	1
35201148	1
35201149	1
35201150	2
35201151	2
35201152	2
35201153	2
35201154	2
35201155	2
35201156	2
35201157	2
35201158	1
35201159	1
35201160	1
35201161	1
35201162	1
35201163	1
35201164	1
35201165	1
35201166	1
35201167	1
35201168	1
35201169	1
35201170	1
35201171	1
35201172	1
35201173	1
35201174	1
35201175	1
35201176	2
35201177	2
35201178	2
35201179	2
35201180	2
35201181	2
35201182	2
35201185	2
35201186	2
35201187	2
35201188	2
35201191	2
35201192	2
35201193	2
35201194	2
35201195	2
35201196	2
35201197	2
35201198	2
35201199	2
35201200	2
35201201	2
35201202	2
35201203	2
35201204	2
35201205	2
35201206	2
35201209	2
35201210	2
35201211	2
35201212	2
35201213	2
35201214	2
35201215	2
35201216	2
35201217	2
35201219	2
35201222	2
35201228	2
35201240	1
35201241	1
35201242	1
35201243	1
35201244	1
35201249	1
35201250	1
35201251	1
35201252	1
35201253	1
35201254	1
35201255	1
35201256	1
35201257	1
35201259	1
35201263	1
35201264	1
35201267	1
35201278	1
35201279	1
35201280	1
35201281	1
35201282	1
35201283	1
35201284	1
35201285	1
35201286	1
35201287	1
35201288	1
35201289	1
35201290	1
35201291	1
35201292	1
35201293	1
35201294	1
35201295	1
35201297	1
35201298	1
35201312	1
35201313	1
35201314	1
35201315	1
35201316	1
35201317	1
35201318	1
35201319	1
35201320	1
35201321	1
35201322	1
35201323	1
35201324	1
35201325	1
35201326	1
35201327	1
35201328	1
35201329	1
35201331	1
35201332	1
35201333	1
35201334	1
35201337	1
35201338	1
35201339	1
35201347	1
35201348	1
35201349	1
35201350	1
35201351	1
35201352	1
35201353	1
35201354	1
35201355	1
35201356	1
35201357	1
35201358	1
35201359	1
35201360	1
35201361	1
35201362	1
35201363	1
35201364	1
35201365	1
35201368	1
35201369	1
35201370	1
35201371	1
35201372	1
35201373	1
35201374	1
35201375	1
35201376	1
35201377	1
35201378	1
35201379	1
35201380	1
35201381	1
35201382	1
35201383	1
35201384	1
35201387	1
35201388	1
35201389	1
35201390	1
35201391	1
35201393	2
35201394	2
35201395	2
35201396	2
35201397	1
35201398	1
35201399	1
35201400	1
35201401	1
35201402	1
35201403	1
35201404	1
35201405	1
35201406	1
35201407	1
35201408	1
35201409	1
35201410	1
35201411	1
35201412	1
35201413	1
35201414	1
35201415	1
35201416	1
35201417	1
35201418	1
35201419	1
35201420	1
35201421	1
35201422	1
35201423	1
35201426	1
35201427	1
35201428	1
35201429	1
35201430	1
35201431	1
35201432	1
35201433	1
35201434	1
35201435	2
35201436	2
35201437	2
35201438	1
35201439	1
35201440	1
35201441	1
35201442	1
35201443	1
35201444	1
35201445	1
35201446	1
35201447	1
35201448	1
35201449	1
35201450	1
35201451	1
35201452	1
35201453	1
35201459	1
35201460	1
35201461	1
35201463	1
35201464	1
35201466	1
35201467	1
35201468	1
35201469	1
35201471	1
35201477	1
35201478	1
35201479	1
35201480	1
35201481	1
35201482	1
35201483	1
35201485	1
35201486	1
35201487	1
35201488	1
35201489	1
35201490	1
35201491	1
35201492	1
35201493	1
35201494	1
35201495	1
35201496	1
35201497	1
35201498	1
35201499	1
35201500	1
35201501	1
35201502	1
35201503	1
35201504	1
35201505	1
35201506	1
35201507	1
35201508	1
35201509	1
35201510	1
35201511	1
35201512	1
35201513	1
35201514	1
35201515	1
35201516	1
35201517	1
35201518	1
35201519	1
35201520	1
35201521	1
35201522	1
35201523	1
35201524	1
35201525	1
35201526	1
35201532	1
35201541	1
35201542	1
35201543	1
35201544	1
35201545	1
35201547	1
35201548	1
35201552	1
35201553	1
35201554	1
35201555	1
35201556	1
35201557	1
35201558	1
35201559	1
35201560	1
35201563	1
35201564	1
35201565	1
35201566	1
35201567	1
35201568	1
35201569	1
35201570	1
35201571	1
35201572	1
35201573	1
35201574	1
35201575	1
35201576	1
35201577	1
35201578	1
35201579	1
35201580	1
35201581	1
35201582	1
35201583	1
35201584	1
35201585	1
35201586	1
35201587	1
35201588	1
35201589	1
35201590	1
35201591	1
35201592	1
35201593	1
35201594	1
35201595	1
35201596	1
35201597	1
35201598	1
35201599	1
35201600	1
35201601	1
35201602	1
35201603	1
35201604	1
35201605	1
35201606	1
35201607	1
35201608	1
35201609	1
35201610	1
35201611	1
35201612	1
35201613	1
35201614	1
35201615	1
35201616	1
35201617	1
35201620	1
35201621	1
35201622	1
35201623	1
35201624	1
35201625	1
35201626	1
35201627	1
35201629	1
35201630	1
35201631	1
35201632	1
35201634	1
35201635	1
35201636	1
35201641	1
35201647	1
35201648	1
35201649	1
35201650	1
35201651	1
35201652	1
35201653	1
35201654	1
35201656	1
35201657	1
35201658	1
35201659	1
35201660	1
35201661	1
35201662	1
35201663	1
35201664	1
35201665	1
35201666	1
35201667	1
35201670	1
35201672	1
35201673	1
35201674	1
35201675	1
35201676	1
35201690	1
35201691	1
35201692	1
35201693	1
35201694	1
35201695	1
35201696	1
35201697	1
35201698	1
35201699	1
35201700	1
35201701	1
35201702	1
35201703	1
35201704	1
35201705	1
35201706	1
35201707	1
35201708	1
35201709	1
35201710	1
35201711	1
35201712	1
35201713	1
35201714	1
35201717	1
35201718	1
35201719	1
35201720	1
35201721	1
35201722	1
35201723	1
35201724	1
35201725	1
35201726	1
35201728	1
35201730	1
35201731	1
35201732	1
35201734	1
35201735	1
35201736	1
35201737	1
35201738	1
35201739	1
35201740	1
35201741	1
35201744	1
35201748	1
35201749	1
35201750	1
35201751	1
35201752	1
35201753	1
35201754	1
35201755	1
35201756	1
35201757	1
35201758	1
35201759	1
35201760	1
35201761	1
35201762	1
35201779	1
35201781	1
35201782	1
35201783	1
35201784	1
35201785	1
35201786	1
35201787	1
35201788	1
35201789	1
35201790	1
35201791	1
35201792	1
35201793	1
35201802	1
35201803	1
35201804	1
35201805	1
35201806	1
35201807	1
35201816	1
35201817	1
35201818	2
35201819	2
35201820	2
35201821	2
35201822	2
35201823	2
35201824	2
35201825	2
35201826	2
35201827	2
35201828	2
35201829	2
35201830	2
35201831	2
35201832	1
35201833	2
35201834	1
35201835	2
35201838	2
35201839	2
35201840	2
35201841	2
35201842	2
35201843	2
35201844	2
35201845	2
35201846	2
35201847	2
35201848	2
35201849	2
35201850	2
35201851	2
35201852	2
35201853	2
35201854	2
35201855	2
35201856	2
35201857	2
35201858	2
35201859	2
35201860	2
35201861	2
35201862	2
35201863	2
35201864	2
35201868	2
35201869	2
35201872	2
35201874	2
35201875	2
35201876	2
35201877	2
35201879	2
35201880	2
35201881	2
35201882	2
35201883	2
35201884	2
35201885	2
35201886	2
35201887	2
35201888	2
35201889	2
35201890	2
35201892	2
35201893	2
35201894	2
35201895	2
35201896	2
35201900	2
35201901	2
35201902	2
35201903	2
35201904	2
35201905	2
35201906	2
35201907	2
35201908	2
35201909	2
35201912	2
35201913	2
35201914	2
35201915	2
35201916	2
35201917	2
35201919	2
35201920	2
35201935	2
35201936	2
35201937	2
35201938	2
35201939	2
35201940	2
35201950	2
35201951	2
35201952	2
35201953	2
35201955	2
35201958	2
35201959	2
35201960	2
35201961	2
35201962	2
35201963	2
35201964	2
35201965	2
35201966	2
35201967	2
35201968	2
35201969	2
35201970	2
35201971	2
35201972	2
35201973	2
35201976	2
35201977	2
35201979	2
35201983	2
35201984	2
35201985	2
35201986	2
35201987	2
35201988	2
35201989	2
35201992	2
35201993	2
35201996	2
35201997	2
35201998	2
35201999	2
35202000	2
35202001	2
35202002	2
35202003	2
35202004	2
35202005	2
35202006	2
35202007	2
35202013	2
35202016	2
35202017	2
35202018	2
35202019	2
35202020	2
35202021	2
35202022	2
35202023	2
35202024	2
35202025	2
35202026	2
35202027	2
35202028	2
35202029	2
35202030	2
35202031	2
35202035	2
35202036	2
35202037	2
35202040	2
35202042	2
35202045	2
35202046	2
35202047	2
35202048	2
35202049	2
35202050	2
35202051	2
35202055	2
35202056	2
35202057	2
35202058	2
35202059	2
35202065	2
35202066	2
35202067	2
35202071	2
35202072	2
35202075	2
35202078	2
35202079	2
35202080	2
35202084	2
35202085	2
35202086	2
35202087	2
35202088	2
35202089	2
35202090	2
35202091	2
35202094	2
35202096	2
35202097	2
35202098	2
35202100	2
35202101	2
35202102	2
35202103	2
35202104	2
35202105	2
35202106	2
35202107	2
35202108	2
35202109	2
35202110	2
35202111	2
35202112	2
35202113	2
35202114	2
35202115	2
35202116	2
35202117	2
35202118	2
35202119	2
35202120	2
35202121	2
35202122	2
35202123	2
35202124	2
35202125	2
35202126	2
35202127	2
35202128	2
35202129	2
35202130	2
35202131	2
35202132	2
35202133	2
35202134	2
35202135	2
35202136	2
35202137	2
35202138	2
35202139	2
35202140	2
35202141	2
35202142	2
35202144	2
35202145	2
35202147	2
35202148	2
35202149	2
35202150	2
35202151	2
35202152	2
35202153	2
35202154	2
35202155	2
35202156	2
35202157	2
35202158	2
35202159	2
35202160	2
35202161	2
35202162	2
35202163	2
35202164	2
35202165	2
35202166	2
35202167	2
35202168	2
35202169	2
35202170	2
35202171	2
35202172	2
35202173	2
35202174	2
35202175	2
35202176	2
35202177	2
35202178	2
35202179	2
35202180	2
35202181	2
35202182	2
35202183	2
35202184	2
35202185	2
35202186	2
35202187	2
35202188	2
35202189	2
35202210	2
35202211	2
35202212	2
35202213	2
35202214	2
35202215	2
35202216	2
35202217	2
35202218	2
35202222	2
35202223	2
35202224	2
35202225	2
35202226	2
35202227	2
35202228	2
35202229	2
35202230	2
35202231	2
35202232	2
35202233	2
35202234	2
35202235	2
35202236	2
35202237	2
35202238	2
35202239	2
35202240	2
35202241	2
35202242	2
35202243	2
35202244	2
35202245	2
35202246	2
35202247	2
35202248	2
35202249	2
35202251	2
35202252	2
35202254	2
35202255	2
35202256	2
35202257	2
35202258	2
35202261	2
35202262	2
35202263	2
35202264	2
35202265	2
35202266	2
35202267	2
35202268	2
35202269	2
35202270	2
35202271	2
35202272	2
35202273	2
35202274	2
35202275	2
35202276	2
35202277	2
35202278	2
35202279	2
35202280	2
35202281	2
35202282	2
35202283	2
35202284	2
35202285	2
35202286	2
35202287	2
35202288	2
35202289	2
35202290	2
35202293	2
35202294	2
35202295	2
35202296	2
35202297	2
35202298	2
35202299	2
35202300	2
35202301	2
35202302	2
35202303	2
35202304	2
35202305	2
35202306	2
35202307	2
35202309	2
35202310	2
35202311	2
35202316	2
35202321	2
35202322	2
35202323	2
35202324	2
35202325	2
35202326	2
35202327	2
35202328	2
35202336	2
35202337	2
35202338	2
35202339	2
35202340	2
35202341	2
35202342	2
35202343	2
35202344	2
35202345	2
35202346	2
35202347	2
35202348	2
35202349	2
35202350	2
35202351	2
35202352	2
35202353	2
35202354	2
35202355	2
35202356	2
35202357	2
35202358	2
35202359	2
35202360	2
35202361	2
35202362	2
35202363	2
35202364	2
35202365	2
35202366	2
35202367	2
35202368	2
35202369	2
35202370	2
35202371	2
35202372	2
35202373	2
35202374	2
35202375	2
35202376	2
35202377	2
35202378	2
35202379	2
35202380	2
35202381	2
35202382	2
35202383	2
35202384	2
35202385	2
35202386	2
35202387	2
35202388	2
35202389	2
35202390	2
35202391	2
35202392	2
35202393	2
35202394	2
35202395	2
35202396	2
35202398	2
35202399	2
35202400	2
35202401	2
35202402	2
35202403	2
35202404	2
35202405	2
35202406	2
35202407	2
35202408	2
35202409	2
35202413	2
35202414	2
35202415	2
35202416	2
35202417	2
35202418	2
35202419	2
35202420	2
35202430	2
35202431	2
35202433	2
35202434	2
35202436	2
35202439	2
35202440	2
35202441	2
35202442	2
35202443	2
35202446	2
35202447	2
35202448	3
35202449	3
35202450	3
35202451	3
35202452	3
35202453	3
35202454	3
35202455	3
35202456	3
35202457	3
35202458	3
35202459	3
35202460	3
35202461	3
35202462	3
35202466	3
35202467	3
35202468	3
35202469	3
35202472	3
35202475	3
35202476	3
35202477	3
35202478	3
35202479	3
35202480	3
35202481	3
35202482	3
35202483	3
35202484	3
35202485	3
35202486	2
35202487	2
35202491	2
35202492	2
35202493	2
35202494	2
35202495	2
35202496	2
35202497	2
35202498	2
35202499	2
35202500	2
35202501	2
35202502	2
35202503	2
35202504	2
35202507	2
35202508	2
35202509	2
35202510	2
35202511	2
35202512	2
35202513	2
35202514	2
35202515	2
35202516	2
35202517	2
35202522	2
35202523	2
35202524	2
35202529	2
35202534	2
35202535	2
35202547	2
35202548	2
35202549	2
35202550	2
35202551	2
35202553	2
35202554	2
35202555	2
35202560	2
35202564	2
35202565	2
35202566	2
35202567	2
35202568	2
35202569	2
35202570	2
35202571	2
35202572	2
35202573	2
35202574	2
35202575	2
35202576	2
35202577	2
35202583	2
35202584	2
35202585	2
35202586	2
35202587	2
35202588	2
35202589	2
35202590	2
35202591	2
35202592	2
35202593	2
35202594	2
35202597	2
35202598	2
35202599	2
35202600	2
35202605	2
35202606	2
35202608	2
35202611	2
35202612	2
35202613	2
35202614	2
35202615	2
35202616	2
35202617	2
35202618	2
35202619	2
35202620	2
35202621	2
35202622	2
35202623	3
35202627	3
35202628	3
35202629	2
35202630	2
35202636	2
35202637	2
35202638	2
35202639	2
35202640	2
35202641	2
35202642	2
35202643	2
35202644	2
35202645	2
35202646	2
35202647	2
35202648	2
35202649	2
35202650	2
35202653	2
35202654	2
35202655	2
35202656	2
35202657	2
35202666	2
35202669	2
35202670	2
35202671	2
35202672	2
35202673	2
35202674	2
35202675	2
35202676	2
35202677	2
35202678	2
35202679	2
35202680	2
35202681	2
35202682	2
35202683	2
35202684	2
35202685	2
35202686	2
35202687	2
35202688	2
35202689	2
35202690	2
35202691	2
35202692	2
35202694	2
35202695	2
35202699	2
35202700	2
35202701	3
35202702	2
35202703	3
35202704	3
35202705	3
35202706	3
35202707	3
35202712	2
35202722	1
35202727	1
35202733	1
35202735	1
35202736	1
35202739	3
35202741	3
35202742	3
35202743	3
35202744	3
35202745	2
35202746	4
35202747	2
35202748	2
35202749	2
35202750	2
35202751	3
35202752	2
35202753	3
35202756	3
35202757	3
35202758	3
35202760	3
35202761	3
35202762	2
35202763	3
35202764	2
35202765	2
35202767	2
35202768	2
35202769	2
35202770	2
35202771	2
35202772	2
35202773	2
35202774	2
35202775	2
35202776	2
35202777	2
35202778	2
35202779	2
35202787	2
35202788	2
35202789	2
35202790	2
35202791	2
35202792	2
35202793	2
35202797	2
35202798	2
35202799	2
35202800	2
35202801	2
35202802	2
35202803	2
35202804	2
35202805	2
35202806	2
35202807	2
35202808	2
35202809	2
35202810	2
35202811	2
35202812	2
35202813	2
35202814	2
35202817	2
35202818	2
35202819	2
35202820	2
35202821	2
35202823	2
35202840	2
35202842	2
35202843	2
35202845	2
35202846	2
35202847	2
35202848	2
35202849	2
35202850	2
35202878	2
35202879	2
35202880	2
35202881	2
35202882	2
35202883	2
35202884	2
35202886	2
35202887	2
35202888	2
35202889	2
35202890	2
35202891	2
35202892	2
35202893	2
35202894	2
35202895	2
35202896	2
35202897	2
35202898	2
35202899	2
35202900	2
35202901	2
35202902	2
35202903	2
35202904	2
35202905	2
35202906	2
35202907	2
35202910	2
35202911	2
35202912	2
35202918	2
35202919	2
35202920	2
35202928	2
35202930	2
35202931	2
35202932	2
35202933	2
35202935	2
35202936	2
35202937	2
35202938	2
35202939	2
35202940	2
35202941	2
35202942	2
35202943	2
35202944	2
35202945	2
35202946	2
35202947	2
35202948	2
35202949	2
35202950	2
35202951	2
35202952	2
35202953	2
35202954	2
35202955	2
35202965	1
35202966	1
35202967	1
35202968	1
35202969	1
35202970	1
35202971	1
35202972	1
35202973	1
35202974	1
35202975	1
35202976	1
35202977	1
35202982	1
35202983	1
35202984	1
35202985	1
35202986	1
35202987	1
35202988	1
35202989	1
35202990	1
35202991	1
35202992	1
35202993	1
35202994	1
35202995	1
35202996	1
35202997	1
35202998	1
35202999	1
35203000	1
35203001	1
35203002	1
35203003	1
35203004	1
35203005	1
35203006	1
35203007	1
35203008	1
35203009	1
35203015	2
35203016	2
35203018	2
35203026	2
35203027	2
35203028	2
35203029	2
35203030	2
35203031	2
35203032	2
35203033	2
35203034	2
35203035	2
35203036	2
35203037	2
35203038	2
35203039	2
35203040	2
35203041	2
35203042	2
35203043	2
35203044	2
35203045	2
35203046	2
35203047	2
35203048	2
35203049	2
35203050	2
35203051	2
35203052	2
35203053	2
35203054	2
35203055	2
35203056	2
35203057	2
35203058	2
35203059	2
35203060	2
35203061	2
35203064	2
35203071	2
35203072	2
35203073	2
35203074	2
35203075	2
35203077	2
35203079	2
35203080	2
35203081	1
35203082	1
35203086	1
35203087	1
35203093	2
35203094	1
35203095	1
35203096	2
35203097	1
35203098	2
35203102	1
35203105	1
35203107	1
35203108	1
35203109	1
35203110	1
35203111	1
35203112	1
35203113	1
35203126	1
35203127	1
35203128	1
35203129	1
35203130	1
35203131	1
35203132	1
35203133	1
35203134	1
35203135	1
35203136	1
35203137	1
35203138	1
35203139	1
35203140	1
35203141	1
35203142	1
35203143	1
35203144	1
35203146	1
35203147	1
35203148	1
35203149	1
35203150	1
35203151	1
35203152	1
35203153	1
35203154	1
35203155	2
35203156	2
35203157	2
35203159	2
35203160	2
35203161	1
35203162	1
35203163	2
35203164	2
35203167	1
35203170	1
35203174	2
35203175	2
35203176	2
35203177	1
35203183	1
35203184	1
35203185	1
35203190	1
35203191	1
35203192	1
35203193	1
35203194	1
35203195	1
35203196	1
35203197	1
35203198	1
35203199	1
35203200	1
35203201	1
35203202	1
35203203	1
35203204	1
35203206	1
35203208	1
35203209	1
35203210	1
35203211	1
35203212	1
35203213	1
35203214	1
35203215	1
35203216	1
35203217	1
35203218	1
35203219	1
35203220	1
35203221	1
35203222	1
35203223	1
35203224	1
35203225	1
35203226	1
35203227	1
35203228	1
35203229	1
35203230	1
35203231	1
35203232	1
35203233	1
35203234	1
35203235	1
35203236	1
35203237	1
35203238	1
35203239	1
35203240	1
35203241	1
35203242	1
35203243	1
35203244	1
35203245	1
35203246	1
35203247	1
35203248	1
35203249	1
35203250	1
35203251	1
35203252	1
35203253	1
35203254	1
35203255	1
35203256	1
35203257	1
35203258	1
35203259	1
35203260	1
35203261	1
35203263	1
35203264	1
35203265	1
35203266	1
35203267	1
35203268	1
35203269	1
35203270	1
35203271	1
35203273	1
35203274	1
35203275	1
35203276	1
35203277	1
35203278	1
35203279	1
35203280	1
35203281	1
35203282	1
35203283	1
35203284	2
35203285	2
35203286	2
35203287	4
35203288	4
35203289	4
35203290	4
35203291	4
35203292	4
35203293	4
35203294	4
35203296	4
35203297	4
35203298	4
35203299	4
35203300	4
35203301	4
35203314	4
35203315	4
35203316	4
35203317	4
35203318	4
35203321	4
35203322	4
35203323	4
35203324	4
35203330	4
35203331	4
35203332	4
35203333	4
35203334	4
35203337	4
35203338	4
35203339	4
35203340	4
35203342	4
35203344	4
35203345	4
35203346	4
35203347	4
35203348	4
35203350	4
35203351	4
35203352	4
35203353	4
35203354	4
35203355	4
35203356	4
35203357	4
35203358	4
35203359	4
35203360	4
35203361	4
35203362	4
35203363	4
35203370	4
35203371	4
35203372	4
35203373	4
35203374	4
35203375	4
35203376	4
35203377	4
35203378	4
35203379	4
35203380	4
35203381	4
35203382	4
35203383	4
35203384	4
35203385	4
35203386	4
35203387	4
35203388	4
35203389	4
35203391	4
35203392	4
35203393	4
35203394	4
35203395	4
35203396	4
35203399	4
35203400	4
35203401	4
35203402	4
35203403	4
35203404	4
35203405	4
35203406	4
35203407	4
35203408	4
35203409	4
35203410	4
35203411	4
35203412	4
35203413	4
35203414	4
35203415	4
35203416	4
35203417	4
35203418	4
35203419	4
35203420	4
35203421	4
35203422	4
35203423	4
35203427	4
35203433	4
35203435	4
35203439	2
35203440	2
35203441	2
35203442	1
35203443	1
35203444	1
35203445	1
35203446	1
35203447	1
35203448	1
35203449	1
35203450	1
35203451	1
35203452	2
35203458	2
35203461	4
35203462	4
35203463	4
35203465	2
35203466	2
35203467	4
35203468	2
35203469	2
35203470	1
35203471	1
35203472	2
35203479	1
35203480	1
35203482	1
35203483	1
35203484	1
35203485	1
35203486	1
35203489	1
35203490	1
35203491	1
35203492	1
35203493	1
35203494	1
35203495	1
35203496	1
35203498	1
35203501	1
35203502	1
35203503	1
35203504	1
35203505	1
35203506	1
35203507	1
35203508	1
35203509	1
35203510	1
35203511	1
35203512	1
35203513	1
35203519	1
35203520	1
35203521	1
35203522	1
35203523	1
35203524	1
35203525	1
35203526	1
35203527	1
35203528	1
35203529	1
35203530	1
35203531	1
35203532	2
35203533	4
35203534	4
35203535	2
35203536	4
35203537	4
35203538	4
35203539	4
35203540	4
35203541	4
35203542	4
35203543	4
35203544	4
35203545	4
35203546	4
35203547	4
35203548	4
35203552	4
35203554	4
35203561	4
35203566	4
35203567	4
35203568	4
35203569	4
35203570	4
35203571	4
35203572	4
35203573	4
35203574	4
35203575	4
35203576	4
35203577	4
35203578	2
35203579	4
35203580	2
35203581	2
35203584	3
35203585	3
35203586	3
35203587	2
35203588	2
35203589	4
35203590	2
35203591	4
35203592	2
35203593	3
35203594	4
35203595	4
35203596	4
35203597	4
35203599	4
35203600	4
35203604	4
35203605	4
35203606	4
35203607	4
35203608	4
35203610	4
35203611	4
35203612	4
35203613	4
35203614	4
35203615	4
35203616	4
35203617	4
35203618	4
35203619	4
35203620	4
35203621	4
35203622	4
35203623	4
35203626	4
35203627	4
35203628	4
35203629	4
35203630	4
35203631	4
35203632	4
35203633	4
35203634	4
35203635	4
35203636	4
35203637	4
35203640	4
35203641	4
35203649	4
35203650	4
35203651	4
35203652	4
35203653	4
35203654	4
35203655	4
35203656	4
35203657	4
35203658	4
35203659	4
35203660	4
35203661	4
35203664	4
35203666	4
35203668	4
35203669	4
35203670	4
35203672	4
35203673	4
35203675	4
35203676	4
35203677	4
35203678	4
35203679	4
35203680	4
35203681	4
35203682	4
35203683	4
35203684	4
35203685	4
35203686	4
35203687	4
35203688	4
35203689	4
35203690	4
35203691	4
35203692	4
35203693	4
35203694	4
35203695	4
35203696	4
35203697	4
35203698	4
35203699	4
35203700	4
35203701	4
35203702	4
35203703	4
35203704	4
35203705	4
35203708	4
35203709	4
35203710	4
35203711	4
35203712	4
35203713	4
35203714	4
35203715	4
35203716	4
35203717	4
35203718	4
35203719	4
35203720	4
35203721	4
35203722	4
35203723	4
35203724	4
35203725	4
35203726	4
35203729	4
35203730	4
35203731	4
35203732	4
35203733	4
35203734	4
35203735	4
35203736	4
35203737	4
35203738	4
35203739	4
35203740	4
35203743	4
35203744	4
35203745	4
35203746	4
35203747	4
35203748	4
35203751	4
35203752	4
35203753	4
35203754	4
35203755	4
35203756	4
35203757	4
35203758	4
35203759	4
35203760	4
35203761	4
35203762	4
35203766	4
35203786	1
35203787	1
35203788	1
35203789	1
35203790	1
35203791	1
35203792	1
35203793	1
35203794	1
35203796	1
35203798	1
35203799	1
35203800	1
35203801	1
35203802	1
35203803	1
35203807	1
35203808	1
35203809	1
35203810	1
35203811	1
35203812	1
35203813	1
35203815	1
35203816	1
35203817	1
35203818	1
35203819	1
35203820	1
35203828	1
35203829	1
35203830	1
35203833	1
35203834	1
35203835	1
35203836	1
35203837	1
35203838	1
35203841	1
35203842	1
35203843	1
35203844	1
35203845	1
35203846	1
35203847	1
35203848	1
35203849	1
35203850	1
35203851	1
35203852	1
35203853	1
35203857	1
35203858	1
35203859	1
35203860	1
35203861	1
35203864	1
35203865	1
35203866	1
35203867	1
35203868	1
35203869	1
35203870	1
35203871	1
35203872	1
35203873	1
35203876	1
35203877	1
35203878	1
35203880	1
35203881	1
35203882	1
35203883	1
35203884	1
35203885	1
35203886	1
35203887	1
35203888	1
35203889	1
35203890	1
35203891	1
35203892	1
35203893	1
35203895	1
35203897	1
35203898	1
35203899	3
35203908	3
35203909	3
35203910	3
35203911	3
35203912	3
35203913	3
35203914	3
35203915	3
35203916	3
35203917	3
35203919	3
35203921	3
35203922	3
35203925	3
35203926	3
35203927	2
35203928	2
35203929	3
35203930	3
35203931	3
35203932	3
35203933	2
35203936	4
35203937	4
35203938	4
35203939	4
35203940	4
35203943	4
35203945	3
35203946	4
35203947	2
35203948	4
35203949	2
35203951	4
35203953	4
35203954	4
35203955	4
35203956	4
35203957	4
35203958	4
35203959	4
35203960	4
35203961	4
35203962	1
35203965	4
35203968	1
35203971	1
35203973	4
35203974	3
35203975	3
35203976	2
35203977	1
35203978	1
35203979	2
35203980	2
35203981	1
35203982	2
35203984	2
35203986	2
35203987	2
35203989	2
35203990	1
35203991	2
35203992	2
35203993	1
35203994	2
35203995	1
35203997	1
35203998	2
35204001	1
35204003	1
35204004	2
35204005	1
35204006	2
35204007	1
35204009	2
35204010	2
35204011	1
35204012	2
35204013	1
35204014	2
35204015	1
35204018	2
35204019	1
35204020	2
35204021	2
35204022	2
35204024	1
35204025	3
35204026	3
35204027	3
35204028	3
35204029	3
35204030	3
35204031	3
35204032	3
35204033	2
35204034	2
35204035	2
35204036	2
35204038	2
35204039	2
35204040	2
35204041	3
35204042	3
35204043	4
35204044	3
35204045	3
35204047	2
35204049	2
35204050	2
35204051	3
35204052	4
35204053	1
35204054	1
35204055	1
35204056	1
35204057	1
35204058	1
35204059	2
35204060	1
35204061	2
35204062	2
35204063	1
35204064	1
35204065	1
35204066	1
35204067	1
35204068	1
35204069	1
35204070	1
35204071	1
35204072	1
35204073	1
35204074	1
35204075	1
35204076	1
35204077	1
35204078	4
35204079	4
35204080	4
35204081	4
35204082	3
35204083	3
35204084	4
35204085	4
35204086	2
35204087	1
35204088	1
35204089	1
35204090	2
35204091	2
35204092	2
35204093	2
35204094	1
35204095	1
35204096	1
35204097	1
35204098	1
35204100	1
35204101	1
35204103	1
35204105	2
35204106	2
35204107	2
35204109	2
35204110	2
35204111	2
35204112	2
35204113	2
35204114	2
35204115	2
35204116	2
35204117	2
35204118	2
35204119	2
35204120	2
35204121	2
35204124	2
35204125	1
35204126	4
35204127	4
35204128	1
35204129	1
35204130	4
35204131	4
35204133	4
35204134	2
35204135	1
35204136	1
35204137	3
35204138	4
35204139	4
35204141	4
35204142	2
35204143	2
35204144	2
35204145	4
35204146	4
35204147	1
35204148	4
35204149	4
35204150	4
35204151	4
35204152	3
35204153	3
35204154	1
35204155	2
35204156	1
35204157	2
35204158	2
35204159	1
35204160	1
35204161	1
35204162	1
35204163	1
35204164	2
35204165	2
35204166	2
35204167	2
35204168	2
35204169	2
35204170	2
35204171	2
35204172	3
35204173	2
35204174	2
35204176	2
35204177	4
35204178	4
35204179	1
35204180	4
35204181	4
35204182	1
35204183	4
35204184	2
35204185	2
35204186	2
35204187	2
35204188	2
35204189	1
35204190	1
35204191	1
35204192	1
35204193	2
35204194	2
35204195	2
35204196	2
35204197	2
35204198	2
35204199	2
35204200	2
35204201	2
35204202	2
35204204	1
35204205	1
35204206	1
35204207	1
35204208	1
35204209	4
35204211	4
35204212	4
35204213	4
35204214	4
35204215	4
35204216	4
35204217	4
35204218	4
35204219	4
35204220	1
35204221	1
35204222	1
35204224	4
35204225	4
35204226	4
35204227	4
35204228	2
35204229	2
35204230	2
35204231	1
35204232	1
35204233	1
35204234	4
35204235	4
35204236	4
35204237	4
35204238	4
35204239	2
35204240	4
35204241	4
35204242	4
35204243	2
35204244	4
35204245	2
35204246	2
35204247	2
35204248	2
35204249	1
35204250	1
35204251	1
35204252	1
35204253	1
35204254	2
35204255	2
35204256	2
35204257	2
35204258	2
35204259	2
35204260	4
35204261	4
35204262	2
35204263	2
35204265	2
35204266	4
35204267	4
35204268	1
35204269	1
35204271	2
35204272	3
35204273	3
35204274	3
35204275	1
35204276	1
35204277	4
35204278	3
35204279	2
35204280	2
35204281	2
35204282	2
35204283	2
35204284	2
35204285	4
35204286	4
35204287	4
35204288	4
35204289	4
35204290	4
35204291	4
35204292	4
35204293	4
35204294	4
35204295	4
35204296	4
35204297	4
35204298	4
35204299	4
35204300	4
35204301	4
35204302	4
35204303	4
35204304	4
35204305	3
35204306	3
35204307	2
35204308	2
35204309	2
35204310	2
35204311	2
35204312	2
35204313	2
35204314	2
35204315	2
35204316	2
35204317	2
35204318	2
35204319	2
35204320	2
35204321	2
35204322	2
35204323	2
35204324	2
35204325	2
35204326	2
35204327	2
35204328	2
35204329	4
35204330	4
35204331	4
35204332	4
35204333	4
35204334	4
35204335	4
35204336	4
35204337	4
35204338	2
35204339	2
35204340	2
35204341	4
35204342	2
35204343	4
35204344	4
35204345	4
35204346	4
35204347	4
35204348	2
35204349	4
35204350	4
35204351	2
35204352	2
35204353	2
35204354	1
35204355	1
35204356	1
35204357	1
35204358	1
35204359	2
35204360	1
35204361	1
35204362	1
35204363	1
35204364	1
35204365	1
35204366	1
35204367	1
35204368	1
35204369	1
35204370	1
35204371	1
35204372	1
35204373	2
35204374	2
35204375	2
35204376	2
35204377	2
35204378	2
35204379	2
35204380	2
35204381	2
35204382	2
35204383	2
35204384	2
35204385	2
35204386	2
35204387	2
35204388	2
35204389	2
35204390	2
35204391	2
35204392	2
35204393	2
35204394	2
35204395	2
35204396	2
35204397	2
35204398	2
35204399	2
35204400	2
35204401	2
35204402	2
35204403	2
35204404	2
35204405	2
35204406	2
35204407	2
35204408	2
35204409	1
35204410	1
35204411	1
35204412	2
35204413	1
35204414	2
35204415	2
35204416	2
35204417	2
35204418	2
35204419	2
35204420	2
35204421	2
35204422	2
35204423	2
35204424	2
35204425	2
35204426	1
35204427	2
35204428	2
35204429	1
35204430	1
35204431	1
35204432	1
35204433	1
35204434	1
35204435	2
35204436	2
35204437	2
35204438	2
35204439	2
35204440	2
35204441	2
35204442	2
35204443	1
35204444	1
35204445	1
35204446	1
35204447	1
35204448	1
35204449	1
35204450	1
35204451	1
35204452	1
35204453	1
35204454	2
35204455	2
35204456	2
35204457	2
35204458	2
35204459	2
35204460	2
35204461	1
35204462	1
35204463	1
35204464	1
35204465	2
35204466	2
35204467	2
35204468	2
35204469	2
35204470	2
35204471	1
35204472	1
35204473	1
35204474	1
35204475	1
35204476	1
35204477	1
35204478	1
35204479	1
35204480	1
35204481	1
35204482	1
35204483	1
35204484	1
35204485	1
35204486	1
35204487	2
35204488	2
35204489	2
35204490	2
35204491	2
35204492	2
35204493	2
35204494	2
35204495	1
35204496	1
35204497	1
35204498	1
35204499	1
35204500	1
35204501	1
35204502	1
35204503	2
35204504	2
35204505	2
35204506	2
35204507	2
35204508	2
35204509	2
35204510	2
35204511	2
35204512	2
35204513	2
35204514	2
35204515	2
35204516	2
35204517	2
35204518	2
35204519	2
35204520	2
35204521	2
35204522	2
35204523	2
35204524	2
35204525	2
35204526	2
35204527	2
35204528	2
35204529	2
35204530	2
35204531	2
35204532	2
35204533	2
35204534	2
35204535	2
35204536	2
35204537	2
35204538	2
35204539	2
35204540	2
35204541	2
35204542	2
35204543	2
35204544	2
35204545	2
35204546	2
35204547	2
35204548	2
35204549	2
35204550	2
35204551	2
35204552	2
35204553	2
35204554	2
35204555	2
35204556	1
35204557	1
35204558	1
35204559	1
35204560	1
35204561	1
35204562	1
35204563	1
35204564	1
35204565	1
35204566	1
35204567	1
35204568	1
35204569	1
35204570	1
35204571	1
35204572	1
35204573	1
35204574	1
35204575	1
35204576	1
35204577	1
35204578	2
35204579	2
35204580	2
35204581	2
35204582	2
35204583	2
35204584	2
35204585	2
35204586	2
35204587	2
35204588	2
35204589	2
35204590	2
35204591	2
35204592	2
35204593	2
35204594	2
35204595	2
35204596	2
35204597	2
35204598	2
35204599	2
35204600	2
35204601	2
35204602	2
35204603	2
35204604	2
35204605	2
35204606	2
35204607	2
35204608	2
35204609	2
35204610	2
35204611	2
35204612	2
35204613	2
35204614	2
35204615	2
35204616	2
35204617	2
35204618	2
35204619	2
35204620	2
35204621	2
35204622	2
35204623	2
35204624	2
35204625	1
35204626	1
35204627	1
35204628	1
35204629	1
35204630	1
35204631	1
35204632	1
35204633	1
35204634	2
35204635	1
35204636	1
35204637	1
35204638	1
35204639	1
35204640	1
35204641	1
35204642	1
35204643	1
35204644	1
35204645	1
35204646	1
35204647	1
35204648	1
35204649	1
35204650	2
35204651	2
35204652	2
35204653	2
35204654	2
35204655	2
35204656	2
35204657	1
35204658	1
35204659	1
35204660	1
35204661	1
35204662	1
35204663	1
35204664	1
35204665	1
35204666	1
35204667	1
35204668	1
35204669	1
35204670	1
35204671	1
35204672	1
35204673	1
35204674	1
35204675	1
35204676	1
35204677	1
35204678	1
35204679	1
35204680	1
35204681	1
35204682	1
35204683	1
35204684	1
35204685	1
35204686	1
35204687	1
35204688	1
35204689	1
35204690	1
35204691	1
35204692	1
35204693	1
35204694	1
35204695	1
35204696	1
35204697	1
35204698	1
35204699	1
35204700	1
35204701	1
35210001	2
35210002	2
35210003	2
35210004	2
35210011	2
35210013	2
35210014	1
35210015	1
35210017	1
35210018	1
35210019	1
35210023	1
35210024	1
35210025	1
35210026	1
35210027	1
35210028	1
35210029	1
35210030	1
35210031	1
35210032	1
35210033	1
35210034	1
35210035	1
35210036	1
35210037	1
35210040	1
35210041	1
35210042	1
35210043	1
35210044	1
35210045	1
35210046	1
35210047	1
35210048	1
35210049	1
35210050	1
35210051	1
35210052	1
35210053	1
35210054	1
35210055	1
35210056	1
35210057	1
35210058	1
35210059	1
35210060	1
35210061	1
35210063	1
35210065	1
35210066	1
35210067	1
35210068	1
35210069	1
35210070	1
35210071	1
35210072	1
35210073	1
35210074	1
35210075	1
35210076	1
35210077	1
35210078	1
35210079	1
35210080	1
35210081	1
35210082	1
35210083	1
35210090	1
35210094	1
35210095	1
35210096	1
35210097	1
35210098	1
35210099	1
35210100	1
35210104	1
35210105	1
35210106	1
35210107	1
35210108	1
35210109	1
35210110	1
35210111	1
35210112	1
35210113	1
35210114	1
35210115	1
35210116	1
35210117	1
35210118	1
35210119	1
35210120	1
35210121	1
35210122	1
35210124	1
35210125	1
35210130	1
35210131	1
35210132	1
35210133	1
35210145	1
35210146	1
35210147	1
35210148	1
35210151	1
35210152	1
35210153	1
35210154	1
35210155	1
35210156	1
35210157	1
35210158	1
35210159	1
35210160	1
35210161	1
35210162	1
35210163	1
35210164	1
35210165	1
35210166	1
35210167	1
35210168	1
35210169	1
35210170	1
35210171	1
35210172	1
35210173	1
35210174	1
35210175	1
35210176	1
35210177	1
35210178	1
35210179	1
35210180	1
35210181	1
35210182	1
35210183	1
35210186	1
35210187	1
35210188	1
35210189	1
35210190	1
35210191	1
35210192	1
35210193	1
35210194	1
35210195	1
35210198	1
35210199	1
35210204	1
35210205	1
35210206	1
35210207	1
35210208	1
35210209	1
35210210	1
35210211	1
35210212	1
35210213	1
35210214	1
35210215	1
35210216	1
35210217	1
35210218	1
35210219	1
35210220	1
35210221	1
35210222	1
35210223	1
35210224	1
35210225	1
35210226	1
35210227	1
35210228	1
35210229	1
35210230	1
35210231	1
35210233	1
35210234	1
35210236	1
35210239	1
35210240	1
35210241	1
35210242	1
35210243	1
35210244	1
35210245	1
35210246	1
35210247	1
35210248	1
35210249	1
35210250	1
35210251	1
35210252	1
35210253	1
35210254	1
35210255	1
35210256	1
35210261	1
35210262	1
35210263	1
35210264	1
35210265	1
35210266	1
35210267	1
35210268	1
35210269	1
35210270	1
35210271	1
35210272	1
35210273	1
35210274	1
35210275	1
35210276	1
35210277	1
35210278	1
35210279	1
35210280	1
35210281	1
35210282	1
35210293	1
35210294	1
35210295	1
35210296	1
35210298	1
35210299	1
35210300	1
35210301	1
35210302	1
35210303	1
35210304	1
35210305	1
35210306	1
35210307	1
35210308	1
35210309	1
35210310	1
35210311	1
35210312	1
35210313	1
35210314	1
35210315	1
35210316	1
35210317	1
35210318	1
35210319	1
35210320	1
35210321	1
35210322	1
35210323	1
35210324	1
35210326	1
35210327	1
35210328	1
35210329	1
35210330	1
35210331	1
35210332	1
35210333	1
35210334	1
35210335	1
35210338	1
35210345	1
35210346	1
35210347	1
35210348	1
35210349	1
35210350	1
35210351	1
35210352	1
35210353	1
35210354	1
35210355	1
35210356	1
35210357	1
35210358	1
35210359	1
35210360	1
35210361	1
35210362	1
35210363	1
35210364	1
35210365	1
35210368	1
35210369	1
35210370	1
35210371	1
35210372	1
35210373	1
35210374	1
35210375	1
35210376	1
35210377	1
35210378	1
35210379	1
35210380	1
35210381	1
35210384	1
35210385	1
35210386	1
35210387	1
35210388	1
35210389	1
35210390	1
35210391	1
35210392	1
35210393	1
35210394	1
35210395	1
35210396	1
35210397	1
35210398	1
35210399	1
35210400	1
35210401	1
35210402	1
35210403	1
35210404	1
35210405	1
35210406	1
35210407	1
35210408	1
35210409	1
35210410	1
35210411	1
35210412	1
35210413	1
35210414	1
35210415	1
35210416	1
35210417	1
35210418	1
35210419	1
35210420	1
35210421	1
35210422	1
35210424	1
35210425	1
35210426	1
35210427	1
35210428	1
35210429	1
35210430	1
35210431	1
35210432	1
35210434	1
35210435	1
35210436	1
35210437	1
35210438	1
35210439	1
35210440	1
35210441	1
35210442	1
35210443	1
35210444	1
35210445	1
35210446	1
35210447	1
35210448	1
35210449	1
35210450	1
35210451	1
35210452	1
35210456	1
35210457	1
35210458	1
35210459	1
35210462	1
35210465	1
35210467	1
35210468	1
35210473	1
35210474	1
35210475	1
35210476	1
35210479	1
35210480	1
35210481	1
35210482	1
35210483	1
35210486	1
35210487	1
35210488	1
35210489	1
35210490	1
35210491	1
35210492	1
35210493	1
35210494	1
35210495	1
35210496	1
35210497	1
35210498	1
35210501	1
35210502	1
35210503	1
35210504	1
35210505	1
35210506	1
35210507	1
35210508	1
35210509	1
35210510	1
35210511	1
35210512	1
35210513	1
35210514	1
35210515	1
35210516	1
35210517	1
35210520	1
35210521	1
35210522	1
35210525	1
35210526	1
35210528	1
35210530	1
35210531	1
35210532	1
35210533	1
35210536	1
35210537	1
35210539	1
35210542	1
35210543	1
35210545	1
35210546	1
35210547	1
35210550	1
35210551	1
35210552	1
35210553	1
35210554	1
35210555	1
35210556	1
35210557	1
35210558	1
35210559	1
35210561	1
35210564	1
35210565	1
35210566	1
35210567	1
35210569	1
35210570	1
35210571	1
35210572	1
35210573	1
35210574	1
35210575	1
35210576	1
35210577	1
35210578	1
35210579	1
35210580	1
35210583	1
35210584	1
35210585	1
35210587	1
35210588	1
35210589	1
35210590	1
35210591	1
35210592	1
35210593	1
35210598	1
35210601	1
35210602	1
35210603	1
35210604	1
35210605	1
35210606	1
35210607	1
35210609	1
35210610	1
35210611	1
35210612	1
35210613	1
35210614	1
35210615	1
35210616	1
35210617	1
35210618	1
35210621	1
35210625	1
35210626	1
35210632	1
35210633	1
35210634	1
35210635	1
35210638	1
35210639	1
35210640	1
35210641	1
35210642	1
35210644	1
35210645	1
35210646	1
35210647	1
35210648	1
35210651	1
35210652	1
35210653	1
35210655	1
35210656	1
35210657	1
35210659	1
35210660	1
35210661	1
35210662	1
35210663	1
35210664	1
35210665	1
35210666	1
35210667	1
35210668	1
35210669	1
35210672	1
35210673	1
35210674	1
35210675	1
35210676	1
35210679	1
35210680	1
35210681	1
35210682	1
35210683	1
35210685	1
35210686	1
35210687	1
35210689	1
35210690	1
35210691	1
35210692	1
35210693	1
35210694	1
35210695	1
35210696	1
35210697	1
35210698	1
35210699	1
35210700	1
35210701	1
35210702	1
35210703	1
35210704	1
35210705	1
35210706	1
35210707	1
35210708	1
35210709	1
35210710	1
35210711	1
35210714	1
35210715	1
35210716	1
35210717	1
35210718	1
35210719	1
35210720	1
35210721	1
35210722	1
35210723	1
35210724	1
35210725	1
35210726	1
35210727	1
35210730	1
35210732	1
35210733	1
35210734	1
35210735	1
35210736	1
35210737	1
35210738	1
35210739	1
35210740	1
35210741	1
35210742	1
35210743	1
35210746	1
35210747	1
35210748	1
35210749	1
35210750	1
35210751	1
35210752	1
35210753	1
35210754	1
35210755	1
35210756	1
35210757	1
35210758	1
35210759	1
35210764	1
35210766	1
35210772	1
35210773	1
35210774	1
35210775	1
35210776	1
35210777	1
35210778	1
35210779	1
35210780	1
35210781	1
35210782	1
35210783	1
35210784	1
35210785	1
35210786	1
35210787	1
35210788	1
35210789	1
35210790	1
35210791	1
35210792	1
35210793	1
35210794	1
35210795	1
35210796	1
35210797	1
35210798	1
35210799	1
35210800	1
35210801	1
35210802	1
35210803	1
35210804	1
35210805	1
35210806	1
35210807	1
35210808	1
35210809	1
35210811	1
35210812	1
35210815	1
35210816	1
35210826	1
35210827	1
35210828	1
35210829	1
35210830	1
35210831	1
35210832	1
35210833	1
35210834	1
35210835	1
35210836	1
35210837	1
35210838	1
35210839	1
35210840	1
35210841	1
35210842	1
35210843	1
35210844	1
35210845	1
35210846	1
35210847	1
35210848	1
35210849	1
35210850	1
35210851	1
35210852	1
35210855	1
35210862	1
35210871	1
35210876	1
35210878	1
35210886	1
35210887	1
35210888	1
35210889	1
35210890	1
35210891	1
35210896	1
35210897	1
35210898	1
35210899	1
35210900	1
35210901	1
35210902	1
35210903	1
35210905	1
35210906	1
35210908	1
35210910	1
35210911	1
35210912	1
35210913	1
35210914	1
35210919	1
35210922	1
35210923	1
35210926	1
35210927	1
35210928	1
35210929	1
35210930	1
35210931	1
35210932	1
35210933	1
35210934	1
35210935	1
35210936	1
35210937	1
35210938	1
35210939	1
35210940	1
35210941	1
35210942	1
35210943	1
35210944	1
35210945	1
35210946	1
35210947	1
35210948	1
35210949	1
35210951	1
35210952	1
35210953	1
35210954	1
35210955	1
35210956	1
35210957	1
35210958	1
35210959	1
35210961	1
35210964	1
35210967	1
35210970	1
35210972	1
35210973	1
35210974	1
35210975	1
35210976	1
35210977	1
35210981	1
35210984	1
35210985	1
35210989	1
35210993	1
35210996	1
35210997	1
35210998	1
35210999	1
35211000	1
35211001	1
35211003	1
35211005	1
35211006	1
35211007	1
35211008	1
35211009	1
35211010	1
35211011	1
35211013	1
35211014	1
35211016	1
35211017	1
35211018	1
35211019	1
35211021	1
35211022	1
35211023	1
35211024	1
35211025	1
35211031	1
35211032	1
35211033	1
35211034	1
35211035	1
35211036	1
35211037	1
35211038	1
35211039	1
35211044	1
35211046	1
35211052	1
35211053	1
35211054	1
35211055	1
35211056	1
35211057	1
35211058	1
35211059	1
35211060	1
35211061	1
35211065	1
35211066	1
35211067	1
35211068	1
35211069	1
35211070	1
35211071	1
35211072	1
35211073	1
35211074	1
35211077	1
35211078	1
35211079	1
35211080	1
35211081	1
35211082	1
35211083	1
35211084	1
35211085	1
35211086	1
35211087	1
35211088	1
35211089	1
35211090	1
35211091	1
35211092	1
35211093	1
35211094	1
35211095	1
35211096	1
35211097	1
35211098	1
35211099	1
35211102	1
35211103	1
35211104	1
35211105	1
35211106	1
35211107	1
35211108	1
35211109	1
35211110	1
35211111	1
35211112	1
35211113	1
35211114	1
35211120	1
35211121	1
35211122	1
35211123	1
35211124	1
35211125	1
35211126	1
35211127	1
35211128	1
35211130	1
35211131	1
35211132	1
35211133	1
35211134	1
35211135	1
35211136	1
35211137	1
35211138	1
35211139	1
35211140	1
35211141	1
35211142	1
35211143	1
35211144	1
35211145	1
35211146	1
35211147	1
35211148	1
35211149	1
35211150	1
35211151	1
35211152	1
35211155	1
35211156	1
35211158	1
35211159	1
35211160	1
35211162	1
35211170	1
35211174	1
35211176	1
35211177	1
35211179	1
35211180	1
35211181	1
35211182	1
35211183	1
35211196	2
35211205	2
35211206	2
35211207	2
35211209	2
35211210	2
35211211	2
35211215	2
35211216	2
35211218	2
35211221	2
35211222	2
35211223	2
35211224	2
35211225	1
35211227	1
35211228	1
35211229	1
35211230	1
35211231	1
35211232	1
35211242	1
35211243	1
35211244	1
35211245	1
35211246	1
35211248	1
35211249	1
35211250	1
35211251	1
35211252	1
35211253	1
35211254	1
35211255	1
35211256	1
35211257	1
35211258	1
35211259	1
35211262	1
35211263	1
35211264	1
35211265	1
35211266	1
35211267	1
35211268	1
35211269	1
35211270	1
35211271	1
35211272	1
35211273	1
35211274	1
35211275	1
35211276	1
35211277	1
35211278	1
35211281	1
35211282	1
35211283	1
35211284	1
35211285	1
35211286	1
35211287	1
35211288	1
35211289	1
35211290	1
35211291	1
35211292	1
35211293	1
35211294	1
35211295	1
35211297	1
35211310	1
35211312	1
35211313	1
35211316	1
35211317	1
35211318	1
35211319	1
35211320	1
35211321	1
35211322	1
35211323	1
35211324	1
35211325	1
35211330	1
35211336	1
35211337	1
35211338	1
35211339	1
35211349	1
35211350	1
35211351	1
35211352	1
35211353	1
35211354	1
35211355	1
35211356	1
35211357	1
35211358	1
35211359	1
35211362	1
35211363	1
35211364	1
35211365	1
35211366	1
35211367	1
35211369	1
35211370	1
35211371	1
35211375	1
35211376	1
35211386	2
35211393	2
35211394	1
35211397	1
35211398	1
35211399	1
35211401	1
35211402	1
35211403	1
35211404	1
35211405	1
35211406	1
35211407	1
35211409	1
35211410	1
35211412	1
35211413	1
35211415	1
35211416	1
35211417	1
35211418	1
35211419	1
35211420	1
35211421	1
35211422	1
35211423	1
35211425	1
35211426	1
35211428	1
35211429	1
35211430	1
35211431	1
35211432	1
35211434	1
35211435	1
35211436	1
35211437	1
35211438	1
35211439	1
35211440	1
35211442	1
35211443	1
35211444	1
35211445	1
35211446	1
35211447	1
35211448	1
35211449	1
35211454	1
35211455	1
35211456	1
35211457	1
35211458	1
35211459	1
35211460	1
35211461	1
35211462	1
35211463	1
35211464	1
35211465	1
35211466	1
35211467	1
35211468	1
35211471	1
35211472	1
35211473	1
35211474	1
35211475	1
35211476	1
35211477	1
35211478	1
35211479	1
35211480	1
35211481	1
35211482	1
35211483	1
35211484	1
35211485	1
35211486	1
35211487	1
35211488	1
35211489	1
35211490	1
35211491	1
35211492	1
35211493	1
35211494	1
35211495	1
35211496	1
35211497	1
35211498	1
35211499	1
35211500	1
35211501	1
35211502	1
35211503	1
35211504	1
35211505	1
35211506	1
35211507	1
35211508	1
35211509	1
35211510	1
35211511	1
35211512	1
35211513	1
35211514	1
35211515	1
35211516	1
35211517	1
35211518	1
35211519	1
35211520	1
35211521	1
35211522	1
35211523	1
35211524	1
35211525	1
35211526	1
35211527	1
35211528	1
35211529	1
35211530	1
35211531	1
35211532	1
35211533	1
35211534	1
35211535	1
35211536	1
35211537	1
35211538	1
35211539	2
35211540	2
35211541	2
35211542	2
35211543	2
35211544	2
35211545	2
35211546	1
35211547	1
35211548	1
35211549	1
35211550	1
35211551	1
35211552	1
35211553	1
35211554	1
35211555	1
35211556	1
35211557	1
35211558	1
35211559	1
35211560	1
35211561	1
35211562	1
35211563	1
35211564	1
35211565	1
35211566	1
35211567	1
35211568	1
35211569	1
35211570	1
35211571	1
35211572	1
35211573	1
35211574	1
35211575	1
35211576	1
35211577	1
35211578	1
35211579	1
35211580	1
35211581	1
35211582	1
35211583	1
35211584	1
35211585	1
35211586	1
35211587	1
35211588	1
35211589	1
35211590	1
35211591	1
35211592	1
35211593	1
35211595	2
35211596	1
35211597	1
35211598	1
35211599	1
35211600	1
35211601	1
35211602	2
35211603	2
35211604	2
35211605	2
35211606	2
35211607	2
35211608	2
35211609	2
35211610	2
35211611	2
35211612	2
35211613	2
35211614	2
35211615	2
35211616	2
35211617	2
35211618	2
35211619	1
35211620	1
35211621	1
35211622	1
35211623	1
35211624	2
35211625	2
35211626	2
35211627	2
35211628	2
35211629	1
35211630	1
35211631	1
35211632	1
35211633	2
35211634	2
35211635	2
35211636	2
35211637	2
35211638	2
35211639	2
35211640	2
35211641	2
35211642	2
35211643	2
35211644	2
35211645	2
35211646	2
35211647	2
35211648	2
35211649	2
35211650	2
35211651	2
35211652	2
35211653	2
35211654	1
35211655	1
35211656	1
35211657	1
35211658	1
35211659	1
35211660	1
35211661	1
35211662	1
35211663	1
35211664	1
35211665	1
35211666	1
35211667	1
35211668	1
35211669	1
35211670	1
35211671	1
35211672	1
35211673	1
35211674	1
35211675	1
35211676	1
35211677	1
35211678	1
35211679	1
35211680	1
35211681	1
35211682	1
35211683	1
35211684	1
35211685	1
35211686	1
35211687	1
35211688	2
35211689	2
35211690	2
35211691	2
35211692	2
35211693	2
35211694	2
35211695	2
35211696	1
35211697	1
35211698	1
35211699	1
35211700	1
35211701	1
35211702	1
35211703	1
35211704	1
35211705	1
35211706	1
35211707	1
35211708	1
35211709	1
35211710	1
35211711	1
35211712	1
35211713	1
35211714	1
35211715	1
35211716	1
35211717	1
35211718	1
35211719	1
35211720	1
35211721	1
35211722	1
35211723	1
35211724	1
35211725	1
35211726	1
35211727	1
35211728	1
35211729	1
35211730	1
35211731	1
35211732	1
35211733	1
35211734	1
35211735	1
35211736	1
35211737	1
35211738	1
35211739	1
35211740	1
35211741	1
35211742	1
35211743	1
35211744	1
35211745	1
35211746	1
35211747	1
35211748	1
35211749	1
35211750	1
35211751	1
35211752	2
35211753	2
35211754	1
35211755	1
35211756	1
35211757	1
35211758	1
35211759	1
35211760	1
35211761	1
35211762	1
35211763	1
35211764	1
35211765	1
35211766	1
35211767	1
35211768	1
35211769	1
35211770	1
35211771	1
35211772	1
35211773	1
35211774	1
35211775	1
35211776	1
35211777	1
35211778	1
35211779	1
35211780	1
35211781	1
35211782	1
35211783	1
35211784	1
35211785	1
35211786	1
35211787	1
35211788	1
35211789	1
35211790	1
35211791	1
35211792	1
35211793	1
35211794	1
35211795	1
35211796	1
35211797	1
35211798	1
35211799	1
35211800	1
35211801	1
35211802	1
35211803	1
35211804	1
35211805	1
35211806	1
35211807	1
35211808	1
35211809	1
35211810	1
35211811	1
35211812	1
35211813	1
35211814	1
35211815	1
35211816	1
35211817	1
35211818	1
35211819	1
35211820	1
35211821	1
35211822	1
35211823	1
35211824	1
35211825	1
35211826	1
35211827	1
35211828	1
35211829	1
35211830	1
35211831	1
35211832	1
35211833	1
35211834	1
35211835	1
35211836	1
35211837	1
35211838	1
35211839	1
35211840	1
35211841	1
35211842	1
35211843	1
35211844	1
35211845	1
35211846	1
35211847	1
35211848	1
35211849	1
35211850	1
35211851	1
35211852	1
35211853	1
35211854	1
35211855	1
35211856	1
35211857	1
35211858	1
35211859	1
35211860	1
35211861	1
35211862	1
35211863	1
35211864	1
35211865	1
35211866	1
35211867	1
35211868	1
35211869	1
35240003	1
35240004	1
35240005	1
35240006	1
35240007	1
35240010	1
35240011	1
35240012	1
35240013	1
35240014	1
35240015	1
35240016	1
35240017	1
35240018	1
35240019	1
35240020	1
35240021	1
35240022	1
35240023	1
35240024	1
35240025	1
35240026	1
35240027	1
35240028	1
35240029	1
35240030	1
35240031	1
35240032	1
35240033	1
35240034	1
35240035	1
35240036	1
35240037	1
35240050	1
35240051	1
35240052	1
35240053	1
35240054	1
35240055	1
35240056	1
35240057	1
35240058	1
35240059	1
35240060	1
35240061	1
35240063	1
35240064	1
35240065	1
35240066	1
35240067	1
35240068	1
35240069	1
35240070	1
35240071	1
35240073	1
35240074	1
35240075	1
35240076	1
35240077	1
35240078	1
35240079	1
35240081	1
35240082	1
35240083	1
35240084	1
35240085	1
35240086	1
35240087	1
35240098	1
35240099	1
35240100	1
35240101	1
35240102	1
35240104	1
35240105	1
35240106	1
35240107	1
35240108	1
35240109	1
35240110	1
35240111	1
35240112	1
35240113	1
35240114	1
35240115	1
35240116	1
35240117	1
35240118	1
35240120	1
35240123	1
35240124	1
35240125	1
35240126	1
35240127	1
35240128	1
35240129	1
35240130	1
35240131	1
35240132	1
35240134	1
35240135	1
35240136	1
35240137	1
35240138	1
35240139	1
35240140	1
35240141	1
35240142	1
35240143	1
35240144	1
35240145	1
35240146	1
35240147	1
35240148	1
35240150	1
35240152	1
35240153	1
35240154	1
35240155	1
35240156	1
35240157	1
35240158	1
35240159	1
35240160	1
35240161	1
35240162	1
35240165	1
35240166	1
35240167	1
35240168	1
35240169	1
35240170	1
35240171	1
35240172	1
35240173	1
35240174	1
35240175	1
35240176	1
35240177	1
35240179	1
35240180	1
35240181	1
35240182	1
35240183	1
35240184	1
35240186	1
35240187	1
35240188	1
35240189	1
35240192	1
35240193	1
35240194	1
35240195	1
35240196	1
35240197	1
35240198	1
35240199	1
35240200	1
35240201	1
35240202	1
35240203	1
35240204	1
35240205	1
35240206	1
35240207	1
35240208	1
35240209	1
35240210	1
35240211	1
35240212	1
35240213	1
35240214	1
35240215	1
35240216	1
35240217	1
35240218	1
35240219	1
35240220	1
35240221	1
35240222	1
35240223	1
35240224	1
35240225	1
35240226	1
35240227	1
35240228	1
35240229	1
35240230	1
35240231	1
35240232	1
35240233	1
35240234	1
35240235	1
35240236	1
35240237	1
35240238	1
35240239	1
35240240	1
35240241	1
35240242	1
35240243	1
35240244	1
35240245	1
35240246	1
35240247	1
35240248	1
35240249	1
35240250	1
35240251	1
35240252	1
35240253	1
35240254	1
35240255	1
35240256	1
35240257	1
35240258	1
35240259	1
35240260	1
35240261	1
35240262	1
35240263	1
35240265	1
35240266	1
35240267	1
35240268	1
35240269	1
35240270	1
35240271	1
35240272	1
35240273	1
35240274	1
35240275	1
35240276	1
35240277	1
35240278	1
35240279	1
35240280	1
35240281	1
35240282	1
35240284	1
35240285	1
35240286	1
35240287	1
35240288	1
35240289	1
35240290	1
35240291	1
35240292	1
35240293	1
35240297	1
35240298	1
35240299	1
35240301	1
35240302	1
35240303	1
35240304	1
35240305	1
35240307	1
35240317	1
35240318	1
35240319	1
35240320	1
35240321	1
35240322	1
35240323	1
35240324	1
35240325	1
35240326	1
35240327	1
35240328	1
35240329	1
35240330	1
35240331	1
35240332	1
35240333	1
35240334	1
35240335	1
35240336	1
35240337	1
35240338	1
35240339	1
35240340	1
35240341	1
35240342	1
35240343	1
35240344	1
35240345	1
35240346	1
35240347	1
35240348	1
35240349	1
35240350	1
35240351	1
35240352	1
35240353	1
35240354	1
35240355	1
35240356	1
35240357	1
35240358	1
35240359	1
35240363	1
35240364	1
35240365	1
35240366	1
35240367	1
35240368	1
35240369	1
35240370	1
35240371	1
35240372	1
35240373	1
35240374	1
35240375	1
35240376	1
35240377	1
35240378	1
35240379	1
35240380	1
35240381	1
35240382	1
35240383	1
35240384	1
35240385	1
35240386	1
35240387	1
35240388	1
35240391	1
35240392	1
35240393	1
35240394	1
35240395	1
35240396	1
35240397	1
35240398	1
35240399	1
35240400	1
35240401	1
35240402	1
35240403	1
35240404	1
35240405	1
35240406	1
35240409	1
35240410	1
35240411	1
35240412	1
35240413	1
35240414	1
35240417	1
35240420	1
35240421	1
35240422	1
35240423	1
35240425	1
35240427	1
35240428	1
35240429	1
35240431	1
35240432	1
35240433	1
35240436	1
35240437	1
35240438	1
35240439	1
35240440	1
35240441	1
35240442	1
35240443	1
35240444	1
35240445	1
35240446	1
35240447	1
35240448	1
35240449	1
35240450	1
35240451	1
35240452	1
35240453	1
35240455	1
35240459	1
35240460	1
35240461	1
35240462	1
35240463	1
35240464	1
35240465	1
35240466	1
35240467	1
35240468	1
35240469	1
35240470	1
35240471	1
35240472	1
35240473	1
35240474	1
35240475	1
35240476	1
35240477	1
35240478	1
35240479	1
35240480	1
35240481	1
35240482	1
35240483	1
35240484	1
35240485	1
35240486	1
35240487	1
35240488	1
35240489	1
35240490	1
35240491	1
35240492	1
35240493	1
35240494	1
35240495	1
35240496	1
35240497	1
35240498	1
35240499	1
35240500	1
35240501	1
35240502	1
35240503	1
35240504	1
35240505	1
35240506	1
35240507	1
35240508	1
35240509	1
35240510	1
35240512	1
35240513	1
35240516	1
35240517	1
35240518	1
35240519	1
35240520	1
35240521	1
35240522	1
35240523	1
35240524	1
35240525	1
35240526	1
35240528	1
35240529	1
35240530	1
35240531	1
35240532	1
35240533	1
35240534	1
35240535	1
35240536	1
35240537	1
35240538	1
35240539	1
35240540	1
35240541	1
35240542	1
35240543	1
35240544	1
35240545	1
35240546	1
35240552	1
35240562	1
35240563	1
35240564	1
35240565	1
35240566	1
35240567	1
35240568	1
35240569	1
35240570	1
35240571	1
35240572	1
35240573	1
35240574	1
35240577	1
35240578	1
35240579	1
35240580	1
35240581	1
35240582	1
35240583	1
35240584	1
35240585	1
35240586	1
35240587	1
35240588	1
35240589	1
35240590	1
35240591	1
35240592	1
35240593	1
35240594	1
35240595	1
35240596	1
35240597	1
35240598	1
35240599	1
35240600	1
35240601	1
35240602	1
35240603	1
35240604	1
35240605	1
35240606	1
35240607	1
35240608	1
35240609	1
35240610	1
35240611	1
35240612	1
35240613	1
35240614	1
35240615	1
35240616	1
35240617	1
35240618	1
35240619	1
35240620	1
35240621	1
35240622	1
35240623	1
35240624	1
35240625	1
35240626	1
35240627	1
35240628	1
35240629	1
35240630	1
35240631	1
35240632	1
35240633	1
35240634	1
35240635	1
35240636	1
35240637	1
35240638	1
35240639	1
35240640	1
35240641	1
35240642	1
35240643	1
35240644	1
35240645	1
35240646	1
35240647	1
35240648	1
35240649	1
35240650	1
35240651	1
35240652	1
35240653	1
35240654	1
35240655	1
35240656	1
35240657	1
35240658	1
35240659	1
35240660	1
35240661	1
35240662	1
35240663	1
35240664	1
35240665	1
35240666	1
35240667	1
35240668	1
35240669	1
35240670	1
35240671	1
35240672	1
35240673	1
35240674	1
35240675	1
35240676	1
35240677	1
35240678	1
35240679	1
35240680	1
35240681	1
35240682	1
35240683	1
35240684	1
35240685	1
35240686	1
35240687	1
35240688	1
35240689	1
35240690	1
35240691	1
35240692	1
35240693	1
35240694	1
35240695	1
35240696	1
35240697	1
35240698	1
35240699	1
35240700	1
35240701	1
35240702	1
35240703	1
35240704	1
35240705	1
35240706	1
35240707	1
35240708	1
35240709	1
35240710	1
35240711	1
35240712	1
35240713	1
35240714	1
35240715	1
35240716	1
35240717	1
35240718	1
35240719	1
35240720	1
35240721	1
35240722	1
35240723	1
35240724	1
35240725	1
35240726	1
35240727	1
35240728	1
35240729	1
35240730	1
35240731	1
35240732	1
35240733	1
35240734	1
35240735	1
35240736	1
35240737	1
35240738	1
35240739	1
35240740	1
35240741	1
35240742	1
35240743	1
35240744	1
35240745	1
35240746	1
35240747	1
35240748	1
35240749	1
35240750	1
35240751	1
35240752	1
35240753	1
35240754	1
35240755	1
35240756	1
35240757	1
35240758	1
35240759	1
35240760	1